[ 3677.362839] # Sector 0 (len=512 bytes):                                  
[ 3677.366746]   00 00 00 00 00 00 00 00                                    
[ 3677.370535]   00 00 00 00 00 00 00 00                                    
[ 3677.374322]   00 00 00 00 00 00 00 00                                    
[ 3677.378107]   00 00 00 00 00 00 00 00                                    
[ 3677.381890]   00 00 00 00 00 00 00 00                                    
[ 3677.385657]   00 00 00 00 00 00 00 00                                    
[ 3677.389441]   00 00 00 00 00 00 00 00                                    
[ 3677.393225]   00 00 00 00 00 00 00 00                                    
[ 3677.397009]   00 00 00 00 00 00 00 00                                    
[ 3677.400793]   00 00 00 00 00 00 00 00                                    
[ 3677.404577]   00 00 00 00 00 00 00 00                                    
[ 3677.408361]   00 00 00 00 00 00 00 00                                    
[ 3677.412144]   00 00 00 00 00 00 00 00                                    
[ 3677.415929]   00 00 00 00 00 00 00 00                                    
[ 3677.419713]   00 00 00 00 00 00 00 00                                    
[ 3677.423496]   00 00 00 00 00 00 00 00                                    
[ 3677.427280]   00 00 00 00 00 00 00 00                                    
[ 3677.431065]   00 00 00 00 00 00 00 00                                    
[ 3677.434848]   00 00 00 00 00 00 00 00                                    
[ 3677.438632]   00 00 00 00 00 00 00 00                                    
[ 3677.442420]   00 00 00 00 00 00 00 00                                    
[ 3677.446206]   00 00 00 00 00 00 00 00                                    
[ 3677.449991]   00 00 00 00 00 00 00 00                                    
[ 3677.453758]   00 00 00 00 00 00 00 00                                    
[ 3677.457540]   00 00 00 00 00 00 00 00                                    
[ 3677.461324]   00 00 00 00 00 00 00 00                                    
[ 3677.465108]   00 00 00 00 00 00 00 00                                    
[ 3677.468891]   00 00 00 00 00 00 00 00                                    
[ 3677.472675]   00 00 00 00 00 00 00 00                                    
[ 3677.476464]   00 00 00 00 00 00 00 00                                    
[ 3677.480249]   00 00 00 00 00 00 00 00                                    
[ 3677.484034]   00 00 00 00 00 00 00 00                                    
[ 3677.487819]   00 00 00 00 00 00 00 00                                    
[ 3677.491603]   00 00 00 00 00 00 00 00                                    
[ 3677.495387]   00 00 00 00 00 00 00 00                                    
[ 3677.499171]   00 00 00 00 00 00 00 00                                    
[ 3677.502954]   00 00 00 00 00 00 00 00                                    
[ 3677.506738]   00 00 00 00 00 00 00 00                                    
[ 3677.510523]   00 00 00 00 00 00 00 00                                    
[ 3677.514307]   00 00 00 00 00 00 00 00                                    
[ 3677.518092]   00 00 00 00 00 00 00 00                                    
[ 3677.521875]   00 00 00 00 00 00 00 00                                    
[ 3677.525643]   00 00 00 00 00 00 00 00                                    
[ 3677.529426]   00 00 00 00 00 00 00 00                                    
[ 3677.533210]   00 00 00 00 00 00 00 00                                    
[ 3677.536994]   00 00 00 00 00 00 00 00                                    
[ 3677.540779]   00 00 00 00 00 00 00 00                                    
[ 3677.544562]   00 00 00 00 00 00 00 00                                    
[ 3677.548349]   00 00 00 00 00 00 00 00                                    
[ 3677.552139]   00 00 00 00 00 00 00 00                                    
[ 3677.555927]   00 00 00 00 00 00 00 00                                    
[ 3677.559715]   00 00 00 00 00 00 00 00                                    
[ 3677.563501]   00 00 00 00 00 00 00 00                                    
[ 3677.567284]   00 00 00 00 00 00 00 00                                    
[ 3677.571068]   00 00 00 00 00 00 00 00                                    
[ 3677.574852]   2E 3F 2E 3F 00 00 80 00                                    
[ 3677.578636]   01 04 83 3F E0 9F 00 20                                    
[ 3677.582421]   00 00 00 E0 9C 03 00 00                                    
[ 3677.586204]   00 00 00 00 00 00 00 00                                    
[ 3677.589988]   00 00 00 00 00 00 00 00                                    
[ 3677.593754]   00 00 00 00 00 00 00 00                                    
[ 3677.597537]   00 00 00 00 00 00 00 00                                    
[ 3677.601321]   00 00 00 00 00 00 00 00                                    
[ 3677.605106]   00 00 00 00 00 00 55 AA                                    
[ 3677.608888] THis sector is for MBR, need to check partition entry        
[ 3677.615029] # Partition type (little endian, len=1):                     
[ 3677.615039]  => 0x83                                                     
[ 3677.622331] # Starting LBA (little endian, len=4):                       
[ 3677.622341]  => 0x00002000                                               
[ 3677.629979] # Num of sectors in partition (little endian, len=4):        
[ 3677.629990]  => 0x039CE000                                           
