[ 3005.804782] # ----------------------------------- #
[ 3005.809700] # Sector 0 (len=512 bytes):
[ 3005.813576]   00 00 00 00 00 00 00 00 
[ 3005.817361]   00 00 00 00 00 00 00 00 
[ 3005.821146]   00 00 00 00 00 00 00 00 
[ 3005.824930]   00 00 00 00 00 00 00 00 
[ 3005.828715]   00 00 00 00 00 00 00 00 
[ 3005.832498]   00 00 00 00 00 00 00 00 
[ 3005.836282]   00 00 00 00 00 00 00 00 
[ 3005.840065]   00 00 00 00 00 00 00 00 
[ 3005.843850]   00 00 00 00 00 00 00 00 
[ 3005.847632]   00 00 00 00 00 00 00 00 
[ 3005.851416]   00 00 00 00 00 00 00 00 
[ 3005.855199]   00 00 00 00 00 00 00 00 
[ 3005.858996]   00 00 00 00 00 00 00 00 
[ 3005.862783]   00 00 00 00 00 00 00 00 
[ 3005.866569]   00 00 00 00 00 00 00 00 
[ 3005.870353]   00 00 00 00 00 00 00 00 
[ 3005.874140]   00 00 00 00 00 00 00 00 
[ 3005.877928]   00 00 00 00 00 00 00 00 
[ 3005.881696]   00 00 00 00 00 00 00 00 
[ 3005.885479]   00 00 00 00 00 00 00 00 
[ 3005.889264]   00 00 00 00 00 00 00 00 
[ 3005.893047]   00 00 00 00 00 00 00 00 
[ 3005.896832]   00 00 00 00 00 00 00 00 
[ 3005.900617]   A2 C9 39 C3 00 00 80 84 
[ 3005.904401]   09 00 83 7D CA FC 00 20 
[ 3005.908190]   00 00 00 60 ED 00 00 00 
[ 3005.911975]   00 00 00 00 00 00 00 00 
[ 3005.915760]   00 00 00 00 00 00 00 00 
[ 3005.919543]   00 00 00 00 00 00 00 00 
[ 3005.923328]   00 00 00 00 00 00 00 00 
[ 3005.927113]   00 00 00 00 00 00 00 00 
[ 3005.930899]   00 00 00 00 00 00 55 AA 
[ 3005.934690]   00 00 00 00 00 00 00 00 
[ 3005.938474]   00 00 00 00 00 00 00 00 
[ 3005.942259]   00 00 00 00 00 00 00 00 
[ 3005.946043]   00 00 00 00 00 00 00 00 
[ 3005.949827]   00 00 00 00 00 00 00 00 
[ 3005.953594]   00 00 00 00 00 00 00 00 
[ 3005.957378]   00 00 00 00 00 00 00 00 
[ 3005.961162]   00 00 00 00 00 00 00 00 
[ 3005.964947]   00 00 00 00 00 00 00 00 
[ 3005.968731]   00 00 00 00 00 00 00 00 
[ 3005.972515]   00 00 00 00 00 00 00 00 
[ 3005.976300]   00 00 00 00 00 00 00 00 
[ 3005.980084]   00 00 00 00 00 00 00 00 
[ 3005.983869]   00 00 00 00 00 00 00 00 
[ 3005.987652]   00 00 00 00 00 00 00 00 
[ 3005.991436]   00 00 00 00 00 00 00 00 
[ 3005.995221]   00 00 00 00 00 00 00 00 
[ 3005.999005]   00 00 00 00 00 00 00 00 
[ 3006.002790]   00 00 00 00 00 00 00 00 
[ 3006.006574]   00 00 00 00 00 00 00 00 
[ 3006.010361]   00 00 00 00 00 00 00 00 
[ 3006.014146]   00 00 00 00 00 00 00 00 
[ 3006.017937]   00 00 00 00 00 00 00 00 
[ 3006.021705]   00 00 00 00 00 00 00 00 
[ 3006.025490]   00 00 00 00 00 00 00 00 
[ 3006.029275]   00 00 00 00 00 00 00 00 
[ 3006.033059]   00 00 00 00 00 00 00 00 
[ 3006.036843]   00 00 00 00 00 00 00 00 
[ 3006.040627]   00 00 00 00 00 00 00 00 
[ 3006.044411]   00 00 00 00 00 00 00 00 
[ 3006.048196]   00 00 00 00 00 00 00 00 
[ 3006.051981]   00 00 00 00 00 00 00 00

[ 3006.143026] # ----------------------------------- #
[ 3006.147941] # Sector 1 (len=512 bytes):
[ 3006.151817]   00 00 00 00 00 00 00 00 
[ 3006.155601]   00 00 00 00 00 00 00 00 
[ 3006.159387]   00 00 00 00 00 00 00 00 
[ 3006.163171]   00 00 00 00 00 00 00 00 
[ 3006.166956]   00 00 00 00 00 00 00 00 
[ 3006.170747]   00 00 00 00 00 00 00 00 
[ 3006.174534]   00 00 00 00 00 00 00 00 
[ 3006.178329]   00 00 00 00 00 00 00 00 
[ 3006.182116]   00 00 00 00 00 00 00 00 
[ 3006.185901]   00 00 00 00 00 00 00 00 
[ 3006.189668]   00 00 00 00 00 00 00 00 
[ 3006.193452]   00 00 00 00 00 00 00 00 
[ 3006.197238]   00 00 00 00 00 00 00 00 
[ 3006.201024]   00 00 00 00 00 00 00 00 
[ 3006.204809]   00 00 00 00 00 00 00 00 
[ 3006.208594]   00 00 00 00 00 00 00 00 
[ 3006.212381]   00 00 00 00 00 00 00 00 
[ 3006.216166]   00 00 00 00 00 00 00 00 
[ 3006.219957]   00 00 00 00 00 00 00 00 
[ 3006.223741]   00 00 00 00 00 00 00 00 
[ 3006.227527]   00 00 00 00 00 00 00 00 
[ 3006.231313]   00 00 00 00 00 00 00 00 
[ 3006.235101]   00 00 00 00 00 00 00 00 
[ 3006.238887]   00 00 00 00 00 00 00 00 
[ 3006.242687]   00 00 00 00 00 00 00 00 
[ 3006.246481]   00 00 00 00 00 00 00 00 
[ 3006.250269]   00 00 00 00 00 00 00 00 
[ 3006.254055]   00 00 00 00 00 00 00 00 
[ 3006.257841]   00 00 00 00 00 00 00 00 
[ 3006.261609]   00 00 00 00 00 00 00 00 
[ 3006.265394]   00 00 00 00 00 00 00 00 
[ 3006.269179]   00 00 00 00 00 00 00 00 
[ 3006.272965]   00 00 00 00 00 00 00 00 
[ 3006.276750]   00 00 00 00 00 00 00 00 
[ 3006.280536]   00 00 00 00 00 00 00 00 
[ 3006.284321]   00 00 00 00 00 00 00 00 
[ 3006.288107]   00 00 00 00 00 00 00 00 
[ 3006.291892]   00 00 00 00 00 00 00 00 
[ 3006.295675]   00 00 00 00 00 00 00 00 
[ 3006.299461]   00 00 00 00 00 00 00 00 
[ 3006.303246]   00 00 00 00 00 00 00 00 
[ 3006.307031]   00 00 00 00 00 00 00 00 
[ 3006.310817]   00 00 00 00 00 00 00 00 
[ 3006.314602]   00 00 00 00 00 00 00 00 
[ 3006.318387]   00 00 00 00 00 00 00 00 
[ 3006.322176]   00 00 00 00 00 00 00 00 
[ 3006.325961]   00 00 00 00 00 00 00 00 
[ 3006.329729]   00 00 00 00 00 00 00 00 
[ 3006.333514]   00 00 00 00 00 00 00 00 
[ 3006.337300]   00 00 00 00 00 00 00 00 
[ 3006.341085]   00 00 00 00 00 00 00 00 
[ 3006.344871]   00 00 00 00 00 00 00 00 
[ 3006.348656]   00 00 00 00 00 00 00 00 
[ 3006.352442]   00 00 00 00 00 00 00 00 
[ 3006.356227]   00 00 00 00 00 00 00 00 
[ 3006.360013]   00 00 00 00 00 00 00 00 
[ 3006.363799]   00 00 00 00 00 00 00 00 
[ 3006.367582]   00 00 00 00 00 00 00 00 
[ 3006.371368]   00 00 00 00 00 00 00 00 
[ 3006.375154]   00 00 00 00 00 00 00 00 
[ 3006.378940]   00 00 00 00 00 00 00 00 
[ 3006.382725]   00 00 00 00 00 00 00 00 
[ 3006.386510]   00 00 00 00 00 00 00 00 
[ 3006.390296]   00 00 00 00 00 00 00 00 

[ 3006.481354] # ----------------------------------- #
[ 3006.486269] # Sector 2 (len=512 bytes):
[ 3006.490143]   00 00 00 00 00 00 00 00 
[ 3006.493927]   00 00 00 00 00 00 00 00 
[ 3006.497695]   00 00 00 00 00 00 00 00 
[ 3006.501479]   00 00 00 00 00 00 00 00 
[ 3006.505264]   00 00 00 00 00 00 00 00 
[ 3006.509049]   00 00 00 00 00 00 00 00 
[ 3006.512834]   00 00 00 00 00 00 00 00 
[ 3006.516619]   00 00 00 00 00 00 00 00 
[ 3006.520404]   00 00 00 00 00 00 00 00 
[ 3006.524189]   00 00 00 00 00 00 00 00 
[ 3006.527974]   00 00 00 00 00 00 00 00 
[ 3006.531762]   00 00 00 00 00 00 00 00 
[ 3006.535546]   00 00 00 00 00 00 00 00 
[ 3006.539332]   00 00 00 00 00 00 00 00 
[ 3006.543117]   00 00 00 00 00 00 00 00 
[ 3006.546902]   00 00 00 00 00 00 00 00 
[ 3006.550687]   00 00 00 00 00 00 00 00 
[ 3006.554473]   00 00 00 00 00 00 00 00 
[ 3006.558259]   00 00 00 00 00 00 00 00 
[ 3006.562044]   00 00 00 00 00 00 00 00 
[ 3006.565828]   00 00 00 00 00 00 00 00 
[ 3006.569596]   00 00 00 00 00 00 00 00 
[ 3006.573380]   00 00 00 00 00 00 00 00 
[ 3006.577165]   00 00 00 00 00 00 00 00 
[ 3006.580949]   00 00 00 00 00 00 00 00 
[ 3006.584735]   00 00 00 00 00 00 00 00 
[ 3006.588520]   00 00 00 00 00 00 00 00 
[ 3006.592304]   00 00 00 00 00 00 00 00 
[ 3006.596089]   00 00 00 00 00 00 00 00 
[ 3006.599874]   00 00 00 00 00 00 00 00 
[ 3006.603658]   00 00 00 00 00 00 00 00 
[ 3006.607443]   00 00 00 00 00 00 00 00 
[ 3006.611229]   00 00 00 00 00 00 00 00 
[ 3006.615014]   00 00 00 00 00 00 00 00 
[ 3006.618801]   00 00 00 00 00 00 00 00 
[ 3006.622585]   00 00 00 00 00 00 00 00 
[ 3006.626371]   00 00 00 00 00 00 00 00 
[ 3006.630155]   00 00 00 00 00 00 00 00 
[ 3006.633943]   00 00 00 00 00 00 00 00 
[ 3006.637711]   00 00 00 00 00 00 00 00 
[ 3006.641495]   00 00 00 00 00 00 00 00 
[ 3006.645280]   00 00 00 00 00 00 00 00 
[ 3006.649065]   00 00 00 00 00 00 00 00 
[ 3006.652851]   00 00 00 00 00 00 00 00 
[ 3006.656636]   00 00 00 00 00 00 00 00 
[ 3006.660422]   00 00 00 00 00 00 00 00 
[ 3006.664205]   00 00 00 00 00 00 00 00 
[ 3006.667990]   00 00 00 00 00 00 00 00 
[ 3006.671775]   00 00 00 00 00 00 00 00 
[ 3006.675558]   00 00 00 00 00 00 00 00 
[ 3006.679343]   00 00 00 00 00 00 00 00 
[ 3006.683127]   00 00 00 00 00 00 00 00 
[ 3006.686912]   00 00 00 00 00 00 00 00 
[ 3006.690698]   00 00 00 00 00 00 00 00 
[ 3006.694483]   00 00 00 00 00 00 00 00 
[ 3006.698268]   00 00 00 00 00 00 00 00 
[ 3006.702054]   00 00 00 00 00 00 00 00 
[ 3006.705839]   00 00 00 00 00 00 00 00 
[ 3006.709606]   00 00 00 00 00 00 00 00 
[ 3006.713390]   00 00 00 00 00 00 00 00 
[ 3006.717174]   00 00 00 00 00 00 00 00 
[ 3006.720961]   00 00 00 00 00 00 00 00 
[ 3006.724746]   00 00 00 00 00 00 00 00 
[ 3006.728531]   00 00 00 00 00 00 00 00

[ 3006.824486] # Sector 3 (len=512 bytes):
[ 3006.828361]   00 00 00 00 00 00 00 00 
[ 3006.832145]   00 00 00 00 00 00 00 00 
[ 3006.835931]   00 00 00 00 00 00 00 00 
[ 3006.839714]   00 00 00 00 00 00 00 00 
[ 3006.843503]   00 00 00 00 00 00 00 00 
[ 3006.847289]   00 00 00 00 00 00 00 00 
[ 3006.851075]   00 00 00 00 00 00 00 00 
[ 3006.854860]   00 00 00 00 00 00 00 00 
[ 3006.858645]   00 00 00 00 00 00 00 00 
[ 3006.862441]   00 00 00 00 00 00 00 00 
[ 3006.866230]   00 00 00 00 00 00 00 00 
[ 3006.870016]   00 00 00 00 00 00 00 00 
[ 3006.873801]   00 00 00 00 00 00 00 00 
[ 3006.877568]   00 00 00 00 00 00 00 00 
[ 3006.881352]   00 00 00 00 00 00 00 00 
[ 3006.885138]   00 00 00 00 00 00 00 00 
[ 3006.888926]   00 00 00 00 00 00 00 00 
[ 3006.892711]   00 00 00 00 00 00 00 00 
[ 3006.896496]   00 00 00 00 00 00 00 00 
[ 3006.900281]   00 00 00 00 00 00 00 00 
[ 3006.904065]   00 00 00 00 00 00 00 00 
[ 3006.907850]   00 00 00 00 00 00 00 00 
[ 3006.911633]   00 00 00 00 00 00 00 00 
[ 3006.915418]   00 00 00 00 00 00 00 00 
[ 3006.919203]   00 00 00 00 00 00 00 00 
[ 3006.922988]   00 00 00 00 00 00 00 00 
[ 3006.926773]   00 00 00 00 00 00 00 00 
[ 3006.930561]   00 00 00 00 00 00 00 00 
[ 3006.934346]   00 00 00 00 00 00 00 00 
[ 3006.938131]   00 00 00 00 00 00 00 00 
[ 3006.941915]   00 00 00 00 00 00 00 00 
[ 3006.945684]   00 00 00 00 00 00 00 00 
[ 3006.949472]   00 00 00 00 00 00 00 00 
[ 3006.953258]   00 00 00 00 00 00 00 00 
[ 3006.957044]   00 00 00 00 00 00 00 00 
[ 3006.960828]   00 00 00 00 00 00 00 00 
[ 3006.964614]   00 00 00 00 00 00 00 00 
[ 3006.968398]   00 00 00 00 00 00 00 00 
[ 3006.972184]   00 00 00 00 00 00 00 00 
[ 3006.975968]   00 00 00 00 00 00 00 00 
[ 3006.979753]   00 00 00 00 00 00 00 00 
[ 3006.983535]   00 00 00 00 00 00 00 00 
[ 3006.987320]   00 00 00 00 00 00 00 00 
[ 3006.991105]   00 00 00 00 00 00 00 00 
[ 3006.994890]   00 00 00 00 00 00 00 00 
[ 3006.998675]   00 00 00 00 00 00 00 00 
[ 3007.002460]   00 00 00 00 00 00 00 00 
[ 3007.006245]   00 00 00 00 00 00 00 00 
[ 3007.010038]   00 00 00 00 00 00 00 00 
[ 3007.013824]   00 00 00 00 00 00 00 00 
[ 3007.017593]   00 00 00 00 00 00 00 00 
[ 3007.021377]   00 00 00 00 00 00 00 00 
[ 3007.025163]   00 00 00 00 00 00 00 00 
[ 3007.028947]   00 00 00 00 00 00 00 00 
[ 3007.032732]   00 00 00 00 00 00 00 00 
[ 3007.036518]   00 00 00 00 00 00 00 00 
[ 3007.040304]   00 00 00 00 00 00 00 00 
[ 3007.044088]   00 00 00 00 00 00 00 00 
[ 3007.047874]   00 00 00 00 00 00 00 00 
[ 3007.051662]   00 00 00 00 00 00 00 00 
[ 3007.055449]   00 00 00 00 00 00 00 00 
[ 3007.059234]   00 00 00 00 00 00 00 00 
[ 3007.063020]   00 00 00 00 00 00 00 00 
[ 3007.066804]   00 00 00 00 00 00 00 00
