[ 4907.979992] # Sector N (len=512 bytes):
[ 4907.983871]   41 6F 00 6E 00 65 00 2E 
[ 4907.987658]   00 74 00 0F 00 53 78 00 
[ 4907.991443]   74 00 00 00 FF FF FF FF 
[ 4907.995228]   FF FF 00 00 FF FF FF FF 
[ 4907.999012]   4F 4E 45 20 20 20 20 20 
[ 4908.002796]   54 58 54 20 00 A5 1B 60 
[ 4908.006603]   5D 5B 5D 5B 00 00 1B 60 
[ 4908.010393]   5D 5B 08 00 0B 00 00 00 
[ 4908.014180]   E5 6D 00 2D 00 30 00 58 
[ 4908.017965]   00 45 00 0F 00 95 41 00 
[ 4908.021733]   46 00 33 00 00 00 FF FF 
[ 4908.025518]   FF FF 00 00 FF FF FF FF 
[ 4908.029302]   E5 2E 00 67 00 6F 00 75 
[ 4908.033093]   00 74 00 0F 00 95 70 00 
[ 4908.036893]   75 00 74 00 73 00 74 00 
[ 4908.040683]   72 00 00 00 65 00 61 00 
[ 4908.044472]   E5 4F 55 54 50 55 7E 31 
[ 4908.048259]   20 20 20 20 00 91 B0 71 
[ 4908.052045]   5D 5B 5D 5B 00 00 B0 71 
[ 4908.055841]   5D 5B 09 00 18 00 00 00 
[ 4908.059631]   42 61 00 2E 00 74 00 78 
[ 4908.063416]   00 74 00 0F 00 1B 00 00 
[ 4908.067202]   FF FF FF FF FF FF FF FF 
[ 4908.070987]   FF FF 00 00 FF FF FF FF 
[ 4908.074772]   01 54 00 46 00 4E 00 5F 
[ 4908.078557]   00 68 00 0F 00 1B 65 00 
[ 4908.082343]   6C 00 6C 00 6F 00 5F 00 
[ 4908.086128]   68 00 00 00 61 00 68 00 
[ 4908.089914]   54 46 4E 5F 48 45 7E 31 
[ 4908.093682]   54 58 54 20 00 91 B0 71 
[ 4908.097467]   5D 5B 5D 5B 00 00 B0 71 
[ 4908.101253]   5D 5B 09 00 18 00 00 00 
[ 4908.105038]   E5 45 57 54 45 58 7E 31 
[ 4908.108824]   54 58 54 20 00 4F A0 9B 
[ 4908.112608]   5B 5B 5B 5B 00 00 A1 9B 
[ 4908.116393]   5B 5B 00 00 00 00 00 00 
[ 4908.120178]   48 45 4C 4C 4F 20 20 20 
[ 4908.123963]   54 58 54 20 18 4F A0 9B 
[ 4908.127748]   5B 5B 5D 5B 00 00 A7 9B 
[ 4908.131539]   5B 5B 06 00 0C 00 00 00 
[ 4908.135329]   00 00 00 00 00 00 00 00 
[ 4908.139115]   00 00 00 00 00 00 00 00 
[ 4908.142901]   00 00 00 00 00 00 00 00 
[ 4908.146686]   00 00 00 00 00 00 00 00 
[ 4908.150471]   00 00 00 00 00 00 00 00 
[ 4908.154256]   00 00 00 00 00 00 00 00 
[ 4908.158040]   00 00 00 00 00 00 00 00 
[ 4908.161809]   00 00 00 00 00 00 00 00 
[ 4908.165592]   00 00 00 00 00 00 00 00 
[ 4908.169377]   00 00 00 00 00 00 00 00 
[ 4908.173162]   00 00 00 00 00 00 00 00 
[ 4908.176947]   00 00 00 00 00 00 00 00 
[ 4908.180732]   00 00 00 00 00 00 00 00 
[ 4908.184515]   00 00 00 00 00 00 00 00 
[ 4908.188300]   00 00 00 00 00 00 00 00 
[ 4908.192086]   00 00 00 00 00 00 00 00 
[ 4908.195871]   00 00 00 00 00 00 00 00 
[ 4908.199656]   00 00 00 00 00 00 00 00 
[ 4908.203441]   00 00 00 00 00 00 00 00 
[ 4908.207226]   00 00 00 00 00 00 00 00 
[ 4908.211011]   00 00 00 00 00 00 00 00 
[ 4908.214796]   00 00 00 00 00 00 00 00 
[ 4908.218580]   00 00 00 00 00 00 00 00 
[ 4908.222364]   00 00 00 00 00 00 00 00 
[ 4908.226455] # Sector N (len=512 bytes):
[ 4908.230334]   00 00 00 00 00 00 00 00 
[ 4908.234120]   00 00 00 00 00 00 00 00 
[ 4908.237910]   00 00 00 00 00 00 00 00 
[ 4908.241678]   00 00 00 00 00 00 00 00 
[ 4908.245462]   00 00 00 00 00 00 00 00 
[ 4908.249247]   00 00 00 00 00 00 00 00 
[ 4908.253032]   00 00 00 00 00 00 00 00 
[ 4908.256817]   00 00 00 00 00 00 00 00 
[ 4908.260601]   00 00 00 00 00 00 00 00 
[ 4908.264384]   00 00 00 00 00 00 00 00 
[ 4908.268169]   00 00 00 00 00 00 00 00 
[ 4908.271954]   00 00 00 00 00 00 00 00 
[ 4908.275740]   00 00 00 00 00 00 00 00 
[ 4908.279525]   00 00 00 00 00 00 00 00 
[ 4908.283310]   00 00 00 00 00 00 00 00 
[ 4908.287094]   00 00 00 00 00 00 00 00 
[ 4908.290878]   00 00 00 00 00 00 00 00 
[ 4908.294663]   00 00 00 00 00 00 00 00 
[ 4908.298448]   00 00 00 00 00 00 00 00 
[ 4908.302232]   00 00 00 00 00 00 00 00 
[ 4908.306017]   00 00 00 00 00 00 00 00 
[ 4908.309784]   00 00 00 00 00 00 00 00 
[ 4908.313569]   00 00 00 00 00 00 00 00 
[ 4908.317354]   00 00 00 00 00 00 00 00 
[ 4908.321139]   00 00 00 00 00 00 00 00 
[ 4908.324937]   00 00 00 00 00 00 00 00 
[ 4908.328726]   00 00 00 00 00 00 00 00 
[ 4908.332510]   00 00 00 00 00 00 00 00 
[ 4908.336296]   00 00 00 00 00 00 00 00 
[ 4908.340081]   00 00 00 00 00 00 00 00 
[ 4908.343870]   00 00 00 00 00 00 00 00 
[ 4908.347656]   00 00 00 00 00 00 00 00 
[ 4908.351442]   00 00 00 00 00 00 00 00 
[ 4908.355227]   00 00 00 00 00 00 00 00 
[ 4908.359012]   00 00 00 00 00 00 00 00 
[ 4908.362796]   00 00 00 00 00 00 00 00 
[ 4908.366581]   00 00 00 00 00 00 00 00 
[ 4908.370366]   00 00 00 00 00 00 00 00 
[ 4908.374151]   00 00 00 00 00 00 00 00 
[ 4908.377936]   00 00 00 00 00 00 00 00 
[ 4908.381704]   00 00 00 00 00 00 00 00 
[ 4908.385489]   00 00 00 00 00 00 00 00 
[ 4908.389274]   00 00 00 00 00 00 00 00 
[ 4908.393059]   00 00 00 00 00 00 00 00 
[ 4908.396845]   00 00 00 00 00 00 00 00 
[ 4908.400628]   00 00 00 00 00 00 00 00 
[ 4908.404412]   00 00 00 00 00 00 00 00 
[ 4908.408196]   00 00 00 00 00 00 00 00 
[ 4908.411981]   00 00 00 00 00 00 00 00 
[ 4908.415765]   00 00 00 00 00 00 00 00 
[ 4908.419550]   00 00 00 00 00 00 00 00 
[ 4908.423335]   00 00 00 00 00 00 00 00 
[ 4908.427120]   00 00 00 00 00 00 00 00 
[ 4908.430904]   00 00 00 00 00 00 00 00 
[ 4908.434690]   00 00 00 00 00 00 00 00 
[ 4908.438474]   00 00 00 00 00 00 00 00 
[ 4908.442259]   00 00 00 00 00 00 00 00 
[ 4908.446047]   00 00 00 00 00 00 00 00 
[ 4908.449815]   00 00 00 00 00 00 00 00 
[ 4908.453600]   00 00 00 00 00 00 00 00 
[ 4908.457385]   00 00 00 00 00 00 00 00 
[ 4908.461169]   00 00 00 00 00 00 00 00 
[ 4908.464954]   00 00 00 00 00 00 00 00 
[ 4908.468739]   00 00 00 00 00 00 00 00 
[ 4908.472826] # Sector N (len=512 bytes):
[ 4908.476704]   00 00 00 00 00 00 00 00 
[ 4908.480487]   00 00 00 00 00 00 00 00 
[ 4908.484272]   00 00 00 00 00 00 00 00 
[ 4908.488056]   00 00 00 00 00 00 00 00 
[ 4908.491839]   00 00 00 00 00 00 00 00 
[ 4908.495624]   00 00 00 00 00 00 00 00 
[ 4908.499409]   00 00 00 00 00 00 00 00 
[ 4908.503194]   00 00 00 00 00 00 00 00 
[ 4908.506978]   00 00 00 00 00 00 00 00 
[ 4908.510762]   00 00 00 00 00 00 00 00 
[ 4908.514554]   00 00 00 00 00 00 00 00 
[ 4908.518342]   00 00 00 00 00 00 00 00 
[ 4908.522128]   00 00 00 00 00 00 00 00 
[ 4908.525914]   00 00 00 00 00 00 00 00 
[ 4908.529681]   00 00 00 00 00 00 00 00 
[ 4908.533465]   00 00 00 00 00 00 00 00 
[ 4908.537248]   00 00 00 00 00 00 00 00 
[ 4908.541032]   00 00 00 00 00 00 00 00 
[ 4908.544818]   00 00 00 00 00 00 00 00 
[ 4908.548603]   00 00 00 00 00 00 00 00 
[ 4908.552389]   00 00 00 00 00 00 00 00 
[ 4908.556175]   00 00 00 00 00 00 00 00 
[ 4908.559960]   00 00 00 00 00 00 00 00 
[ 4908.563745]   00 00 00 00 00 00 00 00 
[ 4908.567530]   00 00 00 00 00 00 00 00 
[ 4908.571314]   00 00 00 00 00 00 00 00 
[ 4908.575099]   00 00 00 00 00 00 00 00 
[ 4908.578884]   00 00 00 00 00 00 00 00 
[ 4908.582670]   00 00 00 00 00 00 00 00 
[ 4908.586455]   00 00 00 00 00 00 00 00 
[ 4908.590240]   00 00 00 00 00 00 00 00 
[ 4908.594024]   00 00 00 00 00 00 00 00 
[ 4908.597791]   00 00 00 00 00 00 00 00 
[ 4908.601575]   00 00 00 00 00 00 00 00 
[ 4908.605359]   00 00 00 00 00 00 00 00 
[ 4908.609143]   00 00 00 00 00 00 00 00 
[ 4908.612928]   00 00 00 00 00 00 00 00 
[ 4908.616714]   00 00 00 00 00 00 00 00 
[ 4908.620497]   00 00 00 00 00 00 00 00 
[ 4908.624282]   00 00 00 00 00 00 00 00 
[ 4908.628066]   00 00 00 00 00 00 00 00 
[ 4908.631850]   00 00 00 00 00 00 00 00 
[ 4908.635636]   00 00 00 00 00 00 00 00 
[ 4908.639420]   00 00 00 00 00 00 00 00 
[ 4908.643205]   00 00 00 00 00 00 00 00 
[ 4908.646989]   00 00 00 00 00 00 00 00 
[ 4908.650775]   00 00 00 00 00 00 00 00 
[ 4908.654563]   00 00 00 00 00 00 00 00 
[ 4908.658349]   00 00 00 00 00 00 00 00 
[ 4908.662134]   00 00 00 00 00 00 00 00 
[ 4908.665919]   00 00 00 00 00 00 00 00 
[ 4908.669688]   00 00 00 00 00 00 00 00 
[ 4908.673470]   00 00 00 00 00 00 00 00 
[ 4908.677256]   00 00 00 00 00 00 00 00 
[ 4908.681041]   00 00 00 00 00 00 00 00 
[ 4908.684826]   00 00 00 00 00 00 00 00 
[ 4908.688610]   00 00 00 00 00 00 00 00 
[ 4908.692394]   00 00 00 00 00 00 00 00 
[ 4908.696179]   00 00 00 00 00 00 00 00 
[ 4908.699964]   00 00 00 00 00 00 00 00 
[ 4908.703748]   00 00 00 00 00 00 00 00 
[ 4908.707534]   00 00 00 00 00 00 00 00 
[ 4908.711320]   00 00 00 00 00 00 00 00 
[ 4908.715104]   00 00 00 00 00 00 00 00 
[ 4908.719198] # Sector N (len=512 bytes):
[ 4908.723075]   00 00 00 00 00 00 00 00 
[ 4908.726860]   00 00 00 00 00 00 00 00 
[ 4908.730647]   00 00 00 00 00 00 00 00 
[ 4908.734431]   00 00 00 00 00 00 00 00 
[ 4908.738217]   00 00 00 00 00 00 00 00 
[ 4908.742002]   00 00 00 00 00 00 00 00 
[ 4908.745770]   00 00 00 00 00 00 00 00 
[ 4908.749553]   00 00 00 00 00 00 00 00 
[ 4908.753337]   00 00 00 00 00 00 00 00 
[ 4908.757122]   00 00 00 00 00 00 00 00 
[ 4908.760910]   00 00 00 00 00 00 00 00 
[ 4908.764695]   00 00 00 00 00 00 00 00 
[ 4908.768479]   00 00 00 00 00 00 00 00 
[ 4908.772268]   00 00 00 00 00 00 00 00 
[ 4908.776056]   00 00 00 00 00 00 00 00 
[ 4908.779839]   00 00 00 00 00 00 00 00 
[ 4908.783624]   00 00 00 00 00 00 00 00 
[ 4908.787408]   00 00 00 00 00 00 00 00 
[ 4908.791194]   00 00 00 00 00 00 00 00 
[ 4908.794978]   00 00 00 00 00 00 00 00 
[ 4908.798763]   00 00 00 00 00 00 00 00 
[ 4908.802547]   00 00 00 00 00 00 00 00 
[ 4908.806332]   00 00 00 00 00 00 00 00 
[ 4908.810117]   00 00 00 00 00 00 00 00 
[ 4908.813900]   00 00 00 00 00 00 00 00 
[ 4908.817670]   00 00 00 00 00 00 00 00 
[ 4908.821453]   00 00 00 00 00 00 00 00 
[ 4908.825238]   00 00 00 00 00 00 00 00 
[ 4908.829024]   00 00 00 00 00 00 00 00 
[ 4908.832809]   00 00 00 00 00 00 00 00 
[ 4908.836594]   00 00 00 00 00 00 00 00 
[ 4908.840376]   00 00 00 00 00 00 00 00 
[ 4908.844161]   00 00 00 00 00 00 00 00 
[ 4908.847945]   00 00 00 00 00 00 00 00 
[ 4908.851730]   00 00 00 00 00 00 00 00 
[ 4908.855515]   00 00 00 00 00 00 00 00 
[ 4908.859299]   00 00 00 00 00 00 00 00 
[ 4908.863089]   00 00 00 00 00 00 00 00 
[ 4908.866876]   00 00 00 00 00 00 00 00 
[ 4908.870661]   00 00 00 00 00 00 00 00 
[ 4908.874445]   00 00 00 00 00 00 00 00 
[ 4908.878230]   00 00 00 00 00 00 00 00 
[ 4908.882014]   00 00 00 00 00 00 00 00 
[ 4908.885781]   00 00 00 00 00 00 00 00 
[ 4908.889566]   00 00 00 00 00 00 00 00 
[ 4908.893350]   00 00 00 00 00 00 00 00 
[ 4908.897135]   00 00 00 00 00 00 00 00 
[ 4908.900919]   00 00 00 00 00 00 00 00 
[ 4908.904704]   00 00 00 00 00 00 00 00 
[ 4908.908487]   00 00 00 00 00 00 00 00 
[ 4908.912272]   00 00 00 00 00 00 00 00 
[ 4908.916056]   00 00 00 00 00 00 00 00 
[ 4908.919841]   00 00 00 00 00 00 00 00 
[ 4908.923624]   00 00 00 00 00 00 00 00 
[ 4908.927410]   00 00 00 00 00 00 00 00 
[ 4908.931193]   00 00 00 00 00 00 00 00 
[ 4908.934978]   00 00 00 00 00 00 00 00 
[ 4908.938774]   00 00 00 00 00 00 00 00 
[ 4908.942561]   00 00 00 00 00 00 00 00 
[ 4908.946346]   00 00 00 00 00 00 00 00 
[ 4908.950131]   00 00 00 00 00 00 00 00 
[ 4908.953918]   00 00 00 00 00 00 00 00 
[ 4908.957686]   00 00 00 00 00 00 00 00 
[ 4908.961470]   00 00 00 00 00 00 00 00 
[ 4908.965573] # Sector N (len=512 bytes):
[ 4908.969456]   00 00 00 00 00 00 00 00 
[ 4908.973243]   00 00 00 00 00 00 00 00 
[ 4908.977028]   00 00 00 00 00 00 00 00 
[ 4908.980813]   00 00 00 00 00 00 00 00 
[ 4908.984599]   00 00 00 00 00 00 00 00 
[ 4908.988382]   00 00 00 00 00 00 00 00 
[ 4908.992167]   00 00 00 00 00 00 00 00 
[ 4908.995958]   00 00 00 00 00 00 00 00 
[ 4908.999746]   00 00 00 00 00 00 00 00 
[ 4909.003531]   00 00 00 00 00 00 00 00 
[ 4909.007316]   00 00 00 00 00 00 00 00 
[ 4909.011103]   00 00 00 00 00 00 00 00 
[ 4909.014888]   00 00 00 00 00 00 00 00 
[ 4909.018673]   00 00 00 00 00 00 00 00 
[ 4909.022458]   00 00 00 00 00 00 00 00 
[ 4909.026254]   00 00 00 00 00 00 00 00 
[ 4909.030041]   00 00 00 00 00 00 00 00 
[ 4909.033809]   00 00 00 00 00 00 00 00 
[ 4909.037593]   00 00 00 00 00 00 00 00 
[ 4909.041378]   00 00 00 00 00 00 00 00 
[ 4909.045162]   00 00 00 00 00 00 00 00 
[ 4909.048949]   00 00 00 00 00 00 00 00 
[ 4909.052738]   00 00 00 00 00 00 00 00 
[ 4909.056522]   00 00 00 00 00 00 00 00 
[ 4909.060307]   00 00 00 00 00 00 00 00 
[ 4909.064094]   00 00 00 00 00 00 00 00 
[ 4909.067878]   00 00 00 00 00 00 00 00 
[ 4909.071669]   00 00 00 00 00 00 00 00 
[ 4909.075456]   00 00 00 00 00 00 00 00 
[ 4909.079242]   00 00 00 00 00 00 00 00 
[ 4909.083026]   00 00 00 00 00 00 00 00 
[ 4909.086811]   00 00 00 00 00 00 00 00 
[ 4909.090595]   00 00 00 00 00 00 00 00 
[ 4909.094380]   00 00 00 00 00 00 00 00 
[ 4909.098164]   00 00 00 00 00 00 00 00 
[ 4909.101949]   00 00 00 00 00 00 00 00 
[ 4909.105717]   00 00 00 00 00 00 00 00 
[ 4909.109501]   00 00 00 00 00 00 00 00 
[ 4909.113285]   00 00 00 00 00 00 00 00 
[ 4909.117070]   00 00 00 00 00 00 00 00 
[ 4909.120855]   00 00 00 00 00 00 00 00 
[ 4909.124639]   00 00 00 00 00 00 00 00 
[ 4909.128421]   00 00 00 00 00 00 00 00 
[ 4909.132206]   00 00 00 00 00 00 00 00 
[ 4909.135991]   00 00 00 00 00 00 00 00 
[ 4909.139777]   00 00 00 00 00 00 00 00 
[ 4909.143562]   00 00 00 00 00 00 00 00 
[ 4909.147347]   00 00 00 00 00 00 00 00 
[ 4909.151132]   00 00 00 00 00 00 00 00 
[ 4909.154916]   00 00 00 00 00 00 00 00 
[ 4909.158701]   00 00 00 00 00 00 00 00 
[ 4909.162487]   00 00 00 00 00 00 00 00 
[ 4909.166271]   00 00 00 00 00 00 00 00 
[ 4909.170056]   00 00 00 00 00 00 00 00 
[ 4909.173824]   00 00 00 00 00 00 00 00 
[ 4909.177612]   00 00 00 00 00 00 00 00 
[ 4909.181399]   00 00 00 00 00 00 00 00 
[ 4909.185183]   00 00 00 00 00 00 00 00 
[ 4909.188969]   00 00 00 00 00 00 00 00 
[ 4909.192754]   00 00 00 00 00 00 00 00 
[ 4909.196538]   00 00 00 00 00 00 00 00 
[ 4909.200322]   00 00 00 00 00 00 00 00 
[ 4909.204108]   00 00 00 00 00 00 00 00 
[ 4909.207892]   00 00 00 00 00 00 00 00 
[ 4909.211982] # Sector N (len=512 bytes):
[ 4909.215860]   00 00 00 00 00 00 00 00 
[ 4909.219645]   00 00 00 00 00 00 00 00 
[ 4909.223435]   00 00 00 00 00 00 00 00 
[ 4909.227222]   00 00 00 00 00 00 00 00 
[ 4909.231008]   00 00 00 00 00 00 00 00 
[ 4909.234792]   00 00 00 00 00 00 00 00 
[ 4909.238577]   00 00 00 00 00 00 00 00 
[ 4909.242363]   00 00 00 00 00 00 00 00 
[ 4909.246147]   00 00 00 00 00 00 00 00 
[ 4909.249932]   00 00 00 00 00 00 00 00 
[ 4909.253701]   00 00 00 00 00 00 00 00 
[ 4909.257484]   00 00 00 00 00 00 00 00 
[ 4909.261268]   00 00 00 00 00 00 00 00 
[ 4909.265053]   00 00 00 00 00 00 00 00 
[ 4909.268837]   00 00 00 00 00 00 00 00 
[ 4909.272622]   00 00 00 00 00 00 00 00 
[ 4909.276405]   00 00 00 00 00 00 00 00 
[ 4909.280194]   00 00 00 00 00 00 00 00 
[ 4909.283980]   00 00 00 00 00 00 00 00 
[ 4909.287764]   00 00 00 00 00 00 00 00 
[ 4909.291549]   00 00 00 00 00 00 00 00 
[ 4909.295334]   00 00 00 00 00 00 00 00 
[ 4909.299122]   00 00 00 00 00 00 00 00 
[ 4909.302908]   00 00 00 00 00 00 00 00 
[ 4909.306694]   00 00 00 00 00 00 00 00 
[ 4909.310497]   00 00 00 00 00 00 00 00 
[ 4909.314293]   00 00 00 00 00 00 00 00 
[ 4909.318081]   00 00 00 00 00 00 00 00 
[ 4909.321851]   00 00 00 00 00 00 00 00 
[ 4909.325634]   00 00 00 00 00 00 00 00 
[ 4909.329418]   00 00 00 00 00 00 00 00 
[ 4909.333204]   00 00 00 00 00 00 00 00 
[ 4909.336988]   00 00 00 00 00 00 00 00 
[ 4909.340772]   00 00 00 00 00 00 00 00 
[ 4909.344557]   00 00 00 00 00 00 00 00 
[ 4909.348339]   00 00 00 00 00 00 00 00 
[ 4909.352124]   00 00 00 00 00 00 00 00 
[ 4909.355909]   00 00 00 00 00 00 00 00 
[ 4909.359695]   00 00 00 00 00 00 00 00 
[ 4909.363479]   00 00 00 00 00 00 00 00 
[ 4909.367265]   00 00 00 00 00 00 00 00 
[ 4909.371048]   00 00 00 00 00 00 00 00 
[ 4909.374833]   00 00 00 00 00 00 00 00 
[ 4909.378618]   00 00 00 00 00 00 00 00 
[ 4909.382408]   00 00 00 00 00 00 00 00 
[ 4909.386194]   00 00 00 00 00 00 00 00 
[ 4909.389979]   00 00 00 00 00 00 00 00 
[ 4909.393747]   00 00 00 00 00 00 00 00 
[ 4909.397531]   00 00 00 00 00 00 00 00 
[ 4909.401315]   00 00 00 00 00 00 00 00 
[ 4909.405100]   00 00 00 00 00 00 00 00 
[ 4909.408884]   00 00 00 00 00 00 00 00 
[ 4909.412670]   00 00 00 00 00 00 00 00 
[ 4909.416453]   00 00 00 00 00 00 00 00 
[ 4909.420237]   00 00 00 00 00 00 00 00 
[ 4909.424021]   00 00 00 00 00 00 00 00 
[ 4909.427805]   00 00 00 00 00 00 00 00 
[ 4909.431590]   00 00 00 00 00 00 00 00 
[ 4909.435376]   00 00 00 00 00 00 00 00 
[ 4909.439161]   00 00 00 00 00 00 00 00 
[ 4909.442946]   00 00 00 00 00 00 00 00 
[ 4909.446730]   00 00 00 00 00 00 00 00 
[ 4909.450515]   00 00 00 00 00 00 00 00 
[ 4909.454300]   00 00 00 00 00 00 00 00 
[ 4909.458391] # Sector N (len=512 bytes):
[ 4909.462269]   00 00 00 00 00 00 00 00 
[ 4909.466054]   00 00 00 00 00 00 00 00 
[ 4909.469823]   00 00 00 00 00 00 00 00 
[ 4909.473607]   00 00 00 00 00 00 00 00 
[ 4909.477392]   00 00 00 00 00 00 00 00 
[ 4909.481177]   00 00 00 00 00 00 00 00 
[ 4909.484961]   00 00 00 00 00 00 00 00 
[ 4909.488748]   00 00 00 00 00 00 00 00 
[ 4909.492532]   00 00 00 00 00 00 00 00 
[ 4909.496317]   00 00 00 00 00 00 00 00 
[ 4909.500102]   00 00 00 00 00 00 00 00 
[ 4909.503888]   00 00 00 00 00 00 00 00 
[ 4909.507674]   00 00 00 00 00 00 00 00 
[ 4909.511458]   00 00 00 00 00 00 00 00 
[ 4909.515243]   00 00 00 00 00 00 00 00 
[ 4909.519027]   00 00 00 00 00 00 00 00 
[ 4909.522813]   00 00 00 00 00 00 00 00 
[ 4909.526611]   00 00 00 00 00 00 00 00 
[ 4909.530400]   00 00 00 00 00 00 00 00 
[ 4909.534186]   00 00 00 00 00 00 00 00 
[ 4909.537972]   00 00 00 00 00 00 00 00 
[ 4909.541739]   00 00 00 00 00 00 00 00 
[ 4909.545523]   00 00 00 00 00 00 00 00 
[ 4909.549308]   00 00 00 00 00 00 00 00 
[ 4909.553093]   00 00 00 00 00 00 00 00 
[ 4909.556878]   00 00 00 00 00 00 00 00 
[ 4909.560663]   00 00 00 00 00 00 00 00 
[ 4909.564445]   00 00 00 00 00 00 00 00 
[ 4909.568230]   00 00 00 00 00 00 00 00 
[ 4909.572014]   00 00 00 00 00 00 00 00 
[ 4909.575800]   00 00 00 00 00 00 00 00 
[ 4909.579585]   00 00 00 00 00 00 00 00 
[ 4909.583370]   00 00 00 00 00 00 00 00 
[ 4909.587155]   00 00 00 00 00 00 00 00 
[ 4909.590944]   00 00 00 00 00 00 00 00 
[ 4909.594729]   00 00 00 00 00 00 00 00 
[ 4909.598515]   00 00 00 00 00 00 00 00 
[ 4909.602300]   00 00 00 00 00 00 00 00 
[ 4909.606085]   00 00 00 00 00 00 00 00 
[ 4909.609853]   00 00 00 00 00 00 00 00 
[ 4909.613636]   00 00 00 00 00 00 00 00 
[ 4909.617420]   00 00 00 00 00 00 00 00 
[ 4909.621205]   00 00 00 00 00 00 00 00 
[ 4909.624989]   00 00 00 00 00 00 00 00 
[ 4909.628774]   00 00 00 00 00 00 00 00 
[ 4909.632558]   00 00 00 00 00 00 00 00 
[ 4909.636341]   00 00 00 00 00 00 00 00 
[ 4909.640125]   00 00 00 00 00 00 00 00 
[ 4909.643909]   00 00 00 00 00 00 00 00 
[ 4909.647693]   00 00 00 00 00 00 00 00 
[ 4909.651477]   00 00 00 00 00 00 00 00 
[ 4909.655261]   00 00 00 00 00 00 00 00 
[ 4909.659046]   00 00 00 00 00 00 00 00 
[ 4909.662829]   00 00 00 00 00 00 00 00 
[ 4909.666614]   00 00 00 00 00 00 00 00 
[ 4909.670398]   00 00 00 00 00 00 00 00 
[ 4909.674184]   00 00 00 00 00 00 00 00 
[ 4909.677968]   00 00 00 00 00 00 00 00 
[ 4909.681737]   00 00 00 00 00 00 00 00 
[ 4909.685522]   00 00 00 00 00 00 00 00 
[ 4909.689308]   00 00 00 00 00 00 00 00 
[ 4909.693093]   00 00 00 00 00 00 00 00 
[ 4909.696880]   00 00 00 00 00 00 00 00 
[ 4909.700666]   00 00 00 00 00 00 00 00 
[ 4909.704765] # Sector N (len=512 bytes):
[ 4909.708642]   00 00 00 00 00 00 00 00 
[ 4909.712427]   00 00 00 00 00 00 00 00 
[ 4909.716212]   00 00 00 00 00 00 00 00 
[ 4909.719997]   00 00 00 00 00 00 00 00 
[ 4909.723782]   00 00 00 00 00 00 00 00 
[ 4909.727566]   00 00 00 00 00 00 00 00 
[ 4909.731350]   00 00 00 00 00 00 00 00 
[ 4909.735135]   00 00 00 00 00 00 00 00 
[ 4909.738919]   00 00 00 00 00 00 00 00 
[ 4909.742704]   00 00 00 00 00 00 00 00 
[ 4909.746489]   00 00 00 00 00 00 00 00 
[ 4909.750274]   00 00 00 00 00 00 00 00 
[ 4909.754060]   00 00 00 00 00 00 00 00 
[ 4909.757828]   00 00 00 00 00 00 00 00 
[ 4909.761612]   00 00 00 00 00 00 00 00 
[ 4909.765397]   00 00 00 00 00 00 00 00 
[ 4909.769181]   00 00 00 00 00 00 00 00 
[ 4909.772965]   00 00 00 00 00 00 00 00 
[ 4909.776750]   00 00 00 00 00 00 00 00 
[ 4909.780532]   00 00 00 00 00 00 00 00 
[ 4909.784316]   00 00 00 00 00 00 00 00 
[ 4909.788101]   00 00 00 00 00 00 00 00 
[ 4909.791886]   00 00 00 00 00 00 00 00 
[ 4909.795670]   00 00 00 00 00 00 00 00 
[ 4909.799459]   00 00 00 00 00 00 00 00 
[ 4909.803245]   00 00 00 00 00 00 00 00 
[ 4909.807030]   00 00 00 00 00 00 00 00 
[ 4909.810814]   00 00 00 00 00 00 00 00 
[ 4909.814598]   00 00 00 00 00 00 00 00 
[ 4909.818382]   00 00 00 00 00 00 00 00 
[ 4909.822168]   00 00 00 00 00 00 00 00 
[ 4909.825952]   00 00 00 00 00 00 00 00 
[ 4909.829720]   00 00 00 00 00 00 00 00 
[ 4909.833504]   00 00 00 00 00 00 00 00 
[ 4909.837289]   00 00 00 00 00 00 00 00 
[ 4909.841072]   00 00 00 00 00 00 00 00 
[ 4909.844858]   00 00 00 00 00 00 00 00 
[ 4909.848643]   00 00 00 00 00 00 00 00 
[ 4909.852426]   00 00 00 00 00 00 00 00 
[ 4909.856211]   00 00 00 00 00 00 00 00 
[ 4909.859995]   00 00 00 00 00 00 00 00 
[ 4909.863780]   00 00 00 00 00 00 00 00 
[ 4909.867565]   00 00 00 00 00 00 00 00 
[ 4909.871350]   00 00 00 00 00 00 00 00 
[ 4909.875134]   00 00 00 00 00 00 00 00 
[ 4909.878919]   00 00 00 00 00 00 00 00 
[ 4909.882704]   00 00 00 00 00 00 00 00 
[ 4909.886489]   00 00 00 00 00 00 00 00 
[ 4909.890273]   00 00 00 00 00 00 00 00 
[ 4909.894059]   00 00 00 00 00 00 00 00 
[ 4909.897828]   00 00 00 00 00 00 00 00 
[ 4909.901611]   00 00 00 00 00 00 00 00 
[ 4909.905400]   00 00 00 00 00 00 00 00 
[ 4909.909186]   00 00 00 00 00 00 00 00 
[ 4909.912971]   00 00 00 00 00 00 00 00 
[ 4909.916756]   00 00 00 00 00 00 00 00 
[ 4909.920538]   00 00 00 00 00 00 00 00 
[ 4909.924330]   00 00 00 00 00 00 00 00 
[ 4909.928115]   00 00 00 00 00 00 00 00 
[ 4909.931901]   00 00 00 00 00 00 00 00 
[ 4909.935686]   00 00 00 00 00 00 00 00 
[ 4909.939471]   00 00 00 00 00 00 00 00 
[ 4909.943255]   00 00 00 00 00 00 00 00 
[ 4909.947041]   00 00 00 00 00 00 00 00 
[ 4909.950827] # File name:: 'ONE     TXT'
[ 4909.957571] # Content String: 'hello one!
[ 4909.957571] '
[ 4909.963191] # File name:: 'TFN_HE~1TXT'
[ 4909.969520] # Content String: 'Germany vs Soviet Union
[ 4909.969520] '
[ 4909.976273] # File name:: 'HELLO   TXT'
[ 4909.983070] # Content String: 'Hi everyone!'

