[10194.247189] # Sector N (len=512 bytes):
[10194.251069]   E5 20 00 49 00 6E 00 66 
[10194.254857]   00 6F 00 0F 00 72 72 00 
[10194.258641]   6D 00 61 00 74 00 69 00 
[10194.262426]   6F 00 00 00 6E 00 00 00 
[10194.266208]   E5 53 00 79 00 73 00 74 
[10194.269993]   00 65 00 0F 00 72 6D 00 
[10194.273777]   20 00 56 00 6F 00 6C 00 
[10194.277545]   75 00 00 00 6D 00 65 00 
[10194.281328]   E5 59 53 54 45 4D 7E 31 
[10194.285113]   20 20 20 16 00 3D E0 98 
[10194.288898]   69 5B 69 5B 00 00 E1 98 
[10194.292682]   69 5B 03 00 00 00 00 00 
[10194.296466]   41 43 00 6F 00 75 00 6E 
[10194.300250]   00 74 00 0F 00 82 72 00 
[10194.304035]   69 00 65 00 73 00 00 00 
[10194.307819]   FF FF 00 00 FF FF FF FF 
[10194.311603]   43 4F 55 4E 54 52 7E 31 
[10194.315388]   20 20 20 10 00 67 1D 99 
[10194.319172]   69 5B 69 5B 00 00 20 99 
[10194.322956]   69 5B 06 00 00 00 00 00 
[10194.326740]   41 4C 00 61 00 6E 00 67 
[10194.330525]   00 75 00 0F 00 A0 61 00 
[10194.334309]   67 00 65 00 73 00 00 00 
[10194.338092]   FF FF 00 00 FF FF FF FF 
[10194.341875]   4C 41 4E 47 55 41 7E 31 
[10194.345642]   20 20 20 10 00 06 24 99 
[10194.349426]   69 5B 69 5B 00 00 25 99 
[10194.353216]   69 5B 07 00 00 00 00 00 
[10194.357003]   41 50 00 72 00 6F 00 74 
[10194.360791]   00 6F 00 0F 00 C2 63 00 
[10194.364577]   6F 00 6C 00 73 00 00 00 
[10194.368362]   FF FF 00 00 FF FF FF FF 
[10194.372146]   50 52 4F 54 4F 43 7E 31 
[10194.375931]   20 20 20 10 00 A7 2A 99 
[10194.379716]   69 5B 69 5B 00 00 2B 99 
[10194.383501]   69 5B 08 00 00 00 00 00 
[10194.387285]   41 2E 00 54 00 72 00 61 
[10194.391069]   00 73 00 0F 00 E4 68 00 
[10194.394854]   2D 00 31 00 30 00 30 00 
[10194.398639]   30 00 00 00 00 00 FF FF 
[10194.402423]   54 52 41 53 48 2D 7E 31 
[10194.406206]   20 20 20 10 00 67 84 64 
[10194.409990]   69 5B 69 5B 00 00 84 64 
[10194.413774]   69 5B 1A 00 00 00 00 00 
[10194.417541]   E5 45 57 54 45 58 7E 31 
[10194.421325]   54 58 54 20 00 56 E3 99 
[10194.425109]   69 5B 69 5B 00 00 E4 99 
[10194.428894]   69 5B 00 00 00 00 00 00 
[10194.432677]   52 45 41 44 4D 45 20 20 
[10194.436474]   54 58 54 20 10 56 E3 99 
[10194.440261]   69 5B 69 5B 00 00 EA 99 
[10194.444046]   69 5B 13 00 15 00 00 00 
[10194.447829]   00 00 00 00 00 00 00 00 
[10194.451614]   00 00 00 00 00 00 00 00 
[10194.455402]   00 00 00 00 00 00 00 00 
[10194.459186]   00 00 00 00 00 00 00 00 
[10194.462970]   00 00 00 00 00 00 00 00 
[10194.466754]   00 00 00 00 00 00 00 00 
[10194.470537]   00 00 00 00 00 00 00 00 
[10194.474322]   00 00 00 00 00 00 00 00 
[10194.478104]   00 00 00 00 00 00 00 00 
[10194.481888]   00 00 00 00 00 00 00 00 
[10194.485655]   00 00 00 00 00 00 00 00 
[10194.489438]   00 00 00 00 00 00 00 00 
[10194.493525] # Sector N (len=512 bytes):
[10194.497401]   00 00 00 00 00 00 00 00 
[10194.501187]   00 00 00 00 00 00 00 00 
[10194.504970]   00 00 00 00 00 00 00 00 
[10194.508755]   00 00 00 00 00 00 00 00 
[10194.512538]   00 00 00 00 00 00 00 00 
[10194.516322]   00 00 00 00 00 00 00 00 
[10194.520106]   00 00 00 00 00 00 00 00 
[10194.523890]   00 00 00 00 00 00 00 00 
[10194.527675]   00 00 00 00 00 00 00 00 
[10194.531458]   00 00 00 00 00 00 00 00 
[10194.535243]   00 00 00 00 00 00 00 00 
[10194.539027]   00 00 00 00 00 00 00 00 
[10194.542810]   00 00 00 00 00 00 00 00 
[10194.546594]   00 00 00 00 00 00 00 00 
[10194.550378]   00 00 00 00 00 00 00 00 
[10194.554160]   00 00 00 00 00 00 00 00 
[10194.557948]   00 00 00 00 00 00 00 00 
[10194.561734]   00 00 00 00 00 00 00 00 
[10194.565501]   00 00 00 00 00 00 00 00 
[10194.569285]   00 00 00 00 00 00 00 00 
[10194.573069]   00 00 00 00 00 00 00 00 
[10194.576854]   00 00 00 00 00 00 00 00 
[10194.580638]   00 00 00 00 00 00 00 00 
[10194.584422]   00 00 00 00 00 00 00 00 
[10194.588206]   00 00 00 00 00 00 00 00 
[10194.591991]   00 00 00 00 00 00 00 00 
[10194.595775]   00 00 00 00 00 00 00 00 
[10194.599558]   00 00 00 00 00 00 00 00 
[10194.603342]   00 00 00 00 00 00 00 00 
[10194.607126]   00 00 00 00 00 00 00 00 
[10194.610910]   00 00 00 00 00 00 00 00 
[10194.614694]   00 00 00 00 00 00 00 00 
[10194.618478]   00 00 00 00 00 00 00 00 
[10194.622259]   00 00 00 00 00 00 00 00 
[10194.626043]   00 00 00 00 00 00 00 00 
[10194.629827]   00 00 00 00 00 00 00 00 
[10194.633594]   00 00 00 00 00 00 00 00 
[10194.637376]   00 00 00 00 00 00 00 00 
[10194.641160]   00 00 00 00 00 00 00 00 
[10194.644945]   00 00 00 00 00 00 00 00 
[10194.648728]   00 00 00 00 00 00 00 00 
[10194.652512]   00 00 00 00 00 00 00 00 
[10194.656296]   00 00 00 00 00 00 00 00 
[10194.660079]   00 00 00 00 00 00 00 00 
[10194.663867]   00 00 00 00 00 00 00 00 
[10194.667651]   00 00 00 00 00 00 00 00 
[10194.671435]   00 00 00 00 00 00 00 00 
[10194.675219]   00 00 00 00 00 00 00 00 
[10194.679003]   00 00 00 00 00 00 00 00 
[10194.682787]   00 00 00 00 00 00 00 00 
[10194.686572]   00 00 00 00 00 00 00 00 
[10194.690355]   00 00 00 00 00 00 00 00 
[10194.694137]   00 00 00 00 00 00 00 00 
[10194.697920]   00 00 00 00 00 00 00 00 
[10194.701686]   00 00 00 00 00 00 00 00 
[10194.705470]   00 00 00 00 00 00 00 00 
[10194.709255]   00 00 00 00 00 00 00 00 
[10194.713037]   00 00 00 00 00 00 00 00 
[10194.716821]   00 00 00 00 00 00 00 00 
[10194.720605]   00 00 00 00 00 00 00 00 
[10194.724396]   00 00 00 00 00 00 00 00 
[10194.728182]   00 00 00 00 00 00 00 00 
[10194.731967]   00 00 00 00 00 00 00 00 
[10194.735752]   00 00 00 00 00 00 00 00 
