[  488.558059] index FILE = 128
[  488.560955] index FILE = 320
[  488.563869] DIR TYPE, next_cluster = 11
[  488.563869] 
[  488.572124] index FILE = 160
[  488.575039] index FILE = 256
[  488.577950] DIR TYPE, next_cluster = 11
[  488.577950] 
[  488.586176] index FILE = 160
[  488.589072] index FILE = 256
[  488.591986] DIR TYPE, next_cluster = 11
[  488.591986] 
[  488.600222] index FILE = 160
[  488.603138] index FILE = 256
[  488.606049] DIR TYPE, next_cluster = 11
[  488.606049] 
[  488.614279] index FILE = 160
[  488.617175] index FILE = 256
[  488.620088] DIR TYPE, next_cluster = 11
[  488.620088] 
[  488.628283] index FILE = 160


====

[   96.303826]   2E 20 20 20 20 20 20 20 
[   96.307611]   20 20 20 10 00 9B 58 4F 
[   96.311396]   64 5B 64 5B 00 00 58 4F 
[   96.315179]   64 5B 0B 00 00 00 00 00 
[   96.319164]   2E 2E 20 20 20 20 20 20 
[   96.322970]   20 20 20 10 00 9B 58 4F 
[   96.326758]   64 5B 64 5B 00 00 58 4F 
[   96.330543]   64 5B 00 00 00 00 00 00 
[   96.334328]   E5 31 00 5F 00 73 00 66 
[   96.338112]   00 6E 00 0F 00 98 5F 00 
[   96.341879]   61 00 2E 00 74 00 78 00 
[   96.345664]   74 00 00 00 00 00 FF FF 
[   96.349448]   E5 5F 53 46 4E 5F 41 20 
[   96.353240]   54 58 54 20 00 B7 0D 50 
[   96.357027]   64 5B 64 5B 00 00 0D 50 
[   96.360813]   64 5B 00 00 00 00 00 00 
[   96.364597]   41 31 00 73 00 66 00 6E 
[   96.368382]   00 61 00 0F 00 F4 2E 00 
[   96.372167]   74 00 78 00 74 00 00 00 
[   96.375952]   FF FF 00 00 FF FF FF FF 
[   96.379737]   31 53 46 4E 41 20 20 20 
[   96.383522]   54 58 54 20 00 4B DC 53 
[   96.387320]   64 5B 64 5B 00 00 DC 53 
[   96.391106]   64 5B 0E 00 0E 00 00 00 
[   96.394892]   42 2E 00 74 00 78 00 74 
[   96.398678]   00 00 00 0F 00 A7 FF FF 
[   96.402462]   FF FF FF FF FF FF FF FF 
[   96.406248]   FF FF 00 00 FF FF FF FF 
[   96.410033]   01 31 00 5F 00 6C 00 66 
[   96.413800]   00 6E 00 0F 00 A7 5F 00 
[   96.417584]   64 00 69 00 72 00 5F 00 
[   96.421368]   61 00 00 00 62 00 63 00 
[   96.425153]   31 5F 4C 46 4E 5F 7E 31 
[   96.428937]   54 58 54 20 00 82 D7 53 
[   96.432722]   64 5B 64 5B 00 00 D7 53 
[   96.436507]   64 5B 0D 00 16 00 00 00 
[   96.440292]   E5 6D 00 2D 00 30 00 35 
[   96.444077]   00 55 00 0F 00 95 36 00 
[   96.447863]   45 00 33 00 00 00 FF FF 
[   96.451648]   FF FF 00 00 FF FF FF FF 
[   96.455438]   E5 2E 00 67 00 6F 00 75 
[   96.459224]   00 74 00 0F 00 95 70 00 
[   96.463012]   75 00 74 00 73 00 74 00 
[   96.466799]   72 00 00 00 65 00 61 00 
[   96.470584]   E5 4F 55 54 50 55 7E 31 
[   96.474370]   20 20 20 20 00 4B DC 53 
[   96.478155]   64 5B 64 5B 00 00 DC 53 
[   96.481941]   64 5B 0E 00 0E 00 00 00 
[   96.485708]   00 00 00 00 00 00 00 00 
[   96.489493]   00 00 00 00 00 00 00 00 
[   96.493277]   00 00 00 00 00 00 00 00 
[   96.497062]   00 00 00 00 00 00 00 00 
[   96.500848]   00 00 00 00 00 00 00 00 
[   96.504633]   00 00 00 00 00 00 00 00 
[   96.508418]   00 00 00 00 00 00 00 00 
[   96.512204]   00 00 00 00 00 00 00 00 
[   96.515988]   00 00 00 00 00 00 00 00 
[   96.519774]   00 00 00 00 00 00 00 00 
[   96.523560]   00 00 00 00 00 00 00 00 
[   96.527345]   00 00 00 00 00 00 00 00 
[   96.531128]   00 00 00 00 00 00 00 00 
[   96.534912]   00 00 00 00 00 00 00 00 
[   96.538697]   00 00 00 00 00 00 00 00 
[   96.542483]   00 00 00 00 00 00 00 00 

