WIFI 		= IEEE 802.11 MAC frame
ETHERNET	= IEEE 802.3 Ethernet frame

[16179.535656] firmware booted (Rev 8.9.0.0.83)
[16180.202259] # RX frame (len=100 bytes):
[16180.210536]   50 00 00 00 F6 30 8E DB 
[16180.214341]   63 3C 20 BE B4 37 A5 77 
[16180.218128]   20 BE B4 37 A5 77 30 83 
[16180.221913]   68 B3 55 A4 4F 00 00 00 
[16180.225708]   64 00 31 14 00 0B 47 61 
[16180.229493]   20 51 75 61 79 20 32 35 
[16180.233278]   35 01 08 82 84 8B 96 12 
[16180.237060]   24 48 6C 03 01 04 2A 01 
[16180.240844]   06 32 04 0C 18 30 60 DD 
[16180.244612]   16 00 50 F2 01 01 00 00 
[16180.248395]   50 F2 04 01 00 00 50 F2 
[16180.252178]   04 01 00 00 50 F2 02 30 
[16180.255959]   14 01 00 00 
[16180.259266] # RX frame (len=100 bytes):
[16180.263198]   80 00 00 00 FF FF FF FF 
[16180.266987]   FF FF 20 BE B4 37 A5 77 
[16180.270772]   20 BE B4 37 A5 77 40 C8 
[16180.274556]   A0 11 56 A4 4F 00 00 00 
[16180.278341]   64 00 31 14 00 0B 47 61 
[16180.282147]   20 51 75 61 79 20 32 35 
[16180.285936]   35 01 08 82 84 8B 96 12 
[16180.289722]   24 48 6C 03 01 04 05 04 
[16180.293512]   00 01 00 00 07 06 56 4E 
[16180.297299]   20 01 0D 1E 20 01 00 23 
[16180.301082]   02 16 00 C3 02 10 2F 46 
[16180.304866]   05 02 00 01 00 00 33 0E 
[16180.308632]   51 01 02 03 
[16180.311386] # RX frame (len=100 bytes):
[16180.315266]   50 08 3A 01 F6 30 8E DB 
[16180.319050]   63 3C C4 E9 84 F0 35 D4 
[16180.322839]   C4 E9 84 F0 35 D4 20 C1 
[16180.326624]   F9 51 36 02 50 00 00 00 
[16180.330408]   64 00 31 04 00 07 53 63 
[16180.334204]   74 76 64 75 79 01 08 82 
[16180.337991]   84 8B 96 0C 12 18 24 03 
[16180.341775]   01 05 2A 01 00 30 14 01 
[16180.345559]   00 00 0F AC 04 01 00 00 
[16180.349341]   0F AC 04 01 00 00 0F AC 
[16180.353126]   02 00 00 32 04 30 48 60 
[16180.356908]   6C 2D 1A 6E 11 03 FF 00 
[16180.360674]   00 00 00 00 
[16180.364140] # RX frame (len=100 bytes):
[16180.368072]   50 00 3A 01 F6 30 8E DB 
[16180.371862]   63 3C C4 E9 84 F0 35 D4 
[16180.375654]   C4 E9 84 F0 35 D4 30 C1 
[16180.379441]   F5 6E 36 02 50 00 00 00 
[16180.383226]   64 00 31 04 00 07 53 63 
[16180.387011]   74 76 64 75 79 01 08 82 
[16180.390794]   84 8B 96 0C 12 18 24 03 
[16180.394578]   01 05 2A 01 00 30 14 01 
[16180.398371]   00 00 0F AC 04 01 00 00 
[16180.402156]   0F AC 04 01 00 00 0F AC 
[16180.405940]   02 00 00 32 04 30 48 60 
[16180.409722]   6C 2D 1A 6E 11 03 FF 00 
[16180.413505]   00 00 00 00 
[16180.416232] # RX frame (len=100 bytes):
[16180.420108]   80 00 00 00 FF FF FF FF 
[16180.423893]   FF FF C4 E9 84 F0 35 D4 
[16180.427678]   C4 E9 84 F0 35 D4 40 C1 
[16180.431463]   80 E1 36 02 50 00 00 00 
[16180.435248]   64 00 31 04 00 07 53 63 
[16180.439032]   74 76 64 75 79 01 08 82 
[16180.442815]   84 8B 96 0C 12 18 24 03 
[16180.446602]   01 05 05 04 00 01 00 00 
[16180.450385]   2A 01 00 30 14 01 00 00 
[16180.454168]   0F AC 04 01 00 00 0F AC 
[16180.457951]   04 01 00 00 0F AC 02 00 
[16180.461734]   00 32 04 30 48 60 6C 2D 
[16180.465516]   1A 6E 11 03 
[16180.468255] # RX frame (len=100 bytes):
[16180.472130]   80 00 00 00 FF FF FF FF 
[16180.475916]   FF FF F4 27 56 13 90 D8 
[16180.479701]   F4 27 56 13 90 D8 B0 49 
[16180.483484]   D5 62 A0 FF 4F 00 00 00 
[16180.487267]   64 00 31 14 00 07 4E 47 
[16180.491050]   4F 43 20 56 59 01 08 82 
[16180.494832]   84 8B 96 12 24 48 6C 03 
[16180.498615]   01 08 32 04 0C 18 30 60 
[16180.502413]   07 06 56 4E 20 01 0D 14 
[16180.506199]   23 02 13 00 46 05 F3 C0 
[16180.509983]   01 00 00 05 04 00 01 00 
[16180.513767]   00 30 14 01 00 00 0F AC 
[16180.517548]   04 01 00 00 
[16180.520276] # RX frame (len=100 bytes):
[16180.524149]   50 00 00 00 F6 30 8E DB 
[16180.527934]   63 3C F4 27 56 13 90 D8 
[16180.531717]   F4 27 56 13 90 D8 C0 49 
[16180.535501]   EB 6C A0 FF 4F 00 00 00 
[16180.539284]   64 00 31 14 00 07 4E 47 
[16180.543068]   4F 43 20 56 59 01 08 82 
[16180.546851]   84 8B 96 12 24 48 6C 03 
[16180.550635]   01 08 2A 01 00 32 04 0C 
[16180.554418]   18 30 60 2D 1A AC 01 17 
[16180.558201]   FF FF 00 00 00 00 00 00 
[16180.561985]   00 00 00 00 00 00 00 00 
[16180.565768]   00 00 00 00 00 00 00 3D 
[16180.569549]   16 08 00 04 
[16180.572273] # RX frame (len=100 bytes):
[16180.576149]   50 00 00 00 F6 30 8E DB 
[16180.579942]   63 3C F4 27 56 13 90 D8 
[16180.583729]   F4 27 56 13 90 D8 D0 49 
[16180.587513]   E8 77 A0 FF 4F 00 00 00 
[16180.591297]   64 00 31 14 00 07 4E 47 
[16180.595080]   4F 43 20 56 59 01 08 82 
[16180.598881]   84 8B 96 12 24 48 6C 03 
[16180.602668]   01 08 2A 01 00 32 04 0C 
[16180.606456]   18 30 60 2D 1A AC 01 17 
[16180.610239]   FF FF 00 00 00 00 00 00 
[16180.614024]   00 00 00 00 00 00 00 00 
[16180.617806]   00 00 00 00 00 00 00 3D 
[16180.621609]   16 08 00 04 
[16180.624333] # RX frame (len=100 bytes):
[16180.628208]   50 00 00 00 F6 30 8E DB 
[16180.631992]   63 3C F4 27 56 13 90 D8 
[16180.635776]   F4 27 56 13 90 D8 E0 49 
[16180.639559]   E5 82 A0 FF 4F 00 00 00 
[16180.643343]   64 00 31 14 00 07 4E 47 
[16180.647126]   4F 43 20 56 59 01 08 82 
[16180.650911]   84 8B 96 12 24 48 6C 03 
[16180.654694]   01 08 2A 01 00 32 04 0C 
[16180.658479]   18 30 60 2D 1A AC 01 17 
[16180.662262]   FF FF 00 00 00 00 00 00 
[16180.666045]   00 00 00 00 00 00 00 00 
[16180.669828]   00 00 00 00 00 00 00 3D 
[16180.673610]   16 08 00 04 
[16180.676333] # RX frame (len=100 bytes):
[16180.680207]   50 00 00 00 F6 30 8E DB 
[16180.683991]   63 3C F4 27 56 13 90 D8 
[16180.687774]   F4 27 56 13 90 D8 F0 49 
[16180.691559]   2B 92 A0 FF 4F 00 00 00 
[16180.695354]   64 00 31 14 00 07 4E 47 
[16180.699140]   4F 43 20 56 59 01 08 82 
[16180.702925]   84 8B 96 12 24 48 6C 03 
[16180.706708]   01 08 2A 01 00 32 04 0C 
[16180.710496]   18 30 60 2D 1A AC 01 17 
[16180.714281]   FF FF 00 00 00 00 00 00 
[16180.718066]   00 00 00 00 00 00 00 00 
[16180.721860]   00 00 00 00 00 00 00 3D 
[16180.725650]   16 08 00 04 
[16180.728374] # RX frame (len=100 bytes):
[16180.732250]   50 00 00 00 F6 30 8E DB 
[16180.736034]   63 3C F4 27 56 13 90 D8 
[16180.739818]   F4 27 56 13 90 D8 00 4A 
[16180.743602]   44 9D A0 FF 4F 00 00 00 
[16180.747385]   64 00 31 14 00 07 4E 47 
[16180.751168]   4F 43 20 56 59 01 08 82 
[16180.754952]   84 8B 96 12 24 48 6C 03 
[16180.758735]   01 08 2A 01 00 32 04 0C 
[16180.762519]   18 30 60 2D 1A AC 01 17 
[16180.766302]   FF FF 00 00 00 00 00 00 
[16180.770087]   00 00 00 00 00 00 00 00 
[16180.773870]   00 00 00 00 00 00 00 3D 
[16180.777652]   16 08 00 04 
[16180.780849] # RX frame (len=100 bytes):
[16180.784722]   50 00 00 00 F6 30 8E DB 
[16180.788520]   63 3C F4 27 56 13 90 D8 
[16180.792316]   F4 27 56 13 90 D8 10 4A 
[16180.796104]   4A A8 A0 FF 4F 00 00 00 
[16180.799890]   64 00 31 14 00 07 4E 47 
[16180.803675]   4F 43 20 56 59 01 08 82 
[16180.807459]   84 8B 96 12 24 48 6C 03 
[16180.811242]   01 08 2A 01 00 32 04 0C 
[16180.815031]   18 30 60 2D 1A AC 01 17 
[16180.818816]   FF FF 00 00 00 00 00 00 
[16180.822600]   00 00 00 00 00 00 00 00 
[16180.826384]   00 00 00 00 00 00 00 3D 
[16180.830166]   16 08 00 04 
[16180.832905] # RX frame (len=20 bytes):
[16180.836675]   84 00 CA 01 08 FB EA 87 
[16180.840459]   8A AC 50 42 89 36 FC E8 
[16180.844244]   04 10 F0 22 
[16180.847003] # RX frame (len=100 bytes):
[16180.850881]   50 00 00 00 F6 30 8E DB 
[16180.854686]   63 3C 50 42 89 36 FC E8 
[16180.858476]   50 42 89 36 FC E8 90 85 
[16180.862261]   35 96 1D F3 4F 00 00 00 
[16180.866051]   64 00 31 1C 00 0C 56 6F 
[16180.869837]   20 48 6F 61 6E 67 20 48 
[16180.873621]   61 69 01 08 82 84 8B 96 
[16180.877406]   12 24 48 6C 03 01 09 2A 
[16180.881189]   01 00 32 04 0C 18 30 60 
[16180.884970]   2D 1A 8C 01 17 FF FF 00 
[16180.888739]   00 00 00 00 00 00 00 00 
[16180.892522]   00 00 00 00 00 00 00 00 
[16180.896303]   00 00 00 00 
[16184.454001] wifi0: down
[16185.242011] # RX frame (len=100 bytes):
[16185.245979]   50 00 00 00 0C 1C 57 92 
[16185.249809]   5B D2 F4 27 56 13 90 D8 
[16185.253599]   F4 27 56 13 90 D8 A0 4D 
[16185.257385]   05 0D EB FF 4F 00 00 00 
[16185.261169]   64 00 31 14 00 07 4E 47 
[16185.264951]   4F 43 20 56 59 01 08 82 
[16185.268718]   84 8B 96 12 24 48 6C 03 
[16185.272502]   01 08 2A 01 00 32 04 0C 
[16185.276286]   18 30 60 2D 1A AC 01 17 
[16185.280070]   FF FF 00 00 00 00 00 00 
[16185.283853]   00 00 00 00 00 00 00 00 
[16185.287637]   00 00 00 00 00 00 00 3D 
[16185.291418]   16 08 00 04 
[16185.294824] # RX frame (len=100 bytes):
[16185.298749]   50 00 00 00 0C 1C 57 92 
[16185.302537]   5B D2 F4 27 56 13 90 D8 
[16185.306323]   F4 27 56 13 90 D8 B0 4D 
[16185.310119]   1D 18 EB FF 4F 00 00 00 
[16185.313904]   64 00 31 14 00 07 4E 47 
[16185.317709]   4F 43 20 56 59 01 08 82 
[16185.321496]   84 8B 96 12 24 48 6C 03 
[16185.325280]   01 08 2A 01 00 32 04 0C 
[16185.329063]   18 30 60 2D 1A AC 01 17 
[16185.332854]   FF FF 00 00 00 00 00 00 
[16185.336622]   00 00 00 00 00 00 00 00 
[16185.340405]   00 00 00 00 00 00 00 3D 
[16185.344186]   16 08 00 04 
[16185.346935] # RX frame (len=100 bytes):
[16185.350820]   50 00 00 00 0C 1C 57 92 
[16185.354608]   5B D2 F4 27 56 13 90 D8 
[16185.358394]   F4 27 56 13 90 D8 C0 4D 
[16185.362179]   35 23 EB FF 4F 00 00 00 
[16185.365962]   64 00 31 14 00 07 4E 47 
[16185.369745]   4F 43 20 56 59 01 08 82 
[16185.373529]   84 8B 96 12 24 48 6C 03 
[16185.377312]   01 08 2A 01 00 32 04 0C 
[16185.381096]   18 30 60 2D 1A AC 01 17 
[16185.384878]   FF FF 00 00 00 00 00 00 
[16185.388646]   00 00 00 00 00 00 00 00 
[16185.392429]   00 00 00 00 00 00 00 3D 
[16185.396210]   16 08 00 04 
[16185.398967] # RX frame (len=100 bytes):
[16185.402848]   50 00 00 00 0C 1C 57 92 
[16185.406634]   5B D2 F4 27 56 13 90 D8 
[16185.410418]   F4 27 56 13 90 D8 D0 4D 
[16185.414202]   B1 41 EB FF 4F 00 00 00 
[16185.417986]   64 00 31 14 00 07 4E 47 
[16185.421768]   4F 43 20 56 59 01 08 82 
[16185.425553]   84 8B 96 12 24 48 6C 03 
[16185.429336]   01 08 2A 01 00 32 04 0C 
[16185.433120]   18 30 60 2D 1A AC 01 17 
[16185.436901]   FF FF 00 00 00 00 00 00 
[16185.440670]   00 00 00 00 00 00 00 00 
[16185.444453]   00 00 00 00 00 00 00 3D 
[16185.448236]   16 08 00 04 
[16185.450974] # RX frame (len=100 bytes):
[16185.454854]   50 00 00 00 0C 1C 57 92 
[16185.458639]   5B D2 F4 27 56 13 90 D8 
[16185.462422]   F4 27 56 13 90 D8 E0 4D 
[16185.466207]   B7 4C EB FF 4F 00 00 00 
[16185.469991]   64 00 31 14 00 07 4E 47 
[16185.473780]   4F 43 20 56 59 01 08 82 
[16185.477565]   84 8B 96 12 24 48 6C 03 
[16185.481348]   01 08 2A 01 00 32 04 0C 
[16185.485133]   18 30 60 2D 1A AC 01 17 
[16185.488914]   FF FF 00 00 00 00 00 00 
[16185.492682]   00 00 00 00 00 00 00 00 
[16185.496465]   00 00 00 00 00 00 00 3D 
[16185.500247]   16 08 00 04 
[16185.502985] # RX frame (len=100 bytes):
[16185.506859]   50 00 00 00 0C 1C 57 92 
[16185.510643]   5B D2 F4 27 56 13 90 D8 
[16185.514427]   F4 27 56 13 90 D8 F0 4D 
[16185.518210]   C6 57 EB FF 4F 00 00 00 
[16185.521993]   64 00 31 14 00 07 4E 47 
[16185.525776]   4F 43 20 56 59 01 08 82 
[16185.529559]   84 8B 96 12 24 48 6C 03 
[16185.533342]   01 08 2A 01 00 32 04 0C 
[16185.537126]   18 30 60 2D 1A AC 01 17 
[16185.540907]   FF FF 00 00 00 00 00 00 
[16185.544675]   00 00 00 00 00 00 00 00 
[16185.548456]   00 00 00 00 00 00 00 3D 
[16185.552237]   16 08 00 04 
[16185.554975] # RX frame (len=100 bytes):
[16185.558854]   80 00 00 00 FF FF FF FF 
[16185.562639]   FF FF F4 27 56 13 90 D8 
[16185.566423]   F4 27 56 13 90 D8 00 4E 
[16185.570207]   C3 62 EB FF 4F 00 00 00 
[16185.573991]   64 00 31 14 00 07 4E 47 
[16185.577775]   4F 43 20 56 59 01 08 82 
[16185.581558]   84 8B 96 12 24 48 6C 03 
[16185.585341]   01 08 32 04 0C 18 30 60 
[16185.589125]   07 06 56 4E 20 01 0D 14 
[16185.592906]   23 02 13 00 46 05 F3 C0 
[16185.596674]   01 00 00 05 04 00 01 00 
[16185.600456]   00 30 14 01 00 00 0F AC 
[16185.604238]   04 01 00 00 
[16185.607519] # RX frame (len=100 bytes):
[16185.611430]   80 00 00 00 FF FF FF FF 
[16185.615218]   FF FF 50 42 89 36 FC E8 
[16185.619003]   50 42 89 36 FC E8 80 88 
[16185.622788]   FC 42 68 F3 4F 00 00 00 
[16185.626572]   64 00 31 1C 00 0C 56 6F 
[16185.630355]   20 48 6F 61 6E 67 20 48 
[16185.634138]   61 69 01 08 82 84 8B 96 
[16185.637922]   12 24 48 6C 03 01 09 32 
[16185.641705]   04 0C 18 30 60 07 06 56 
[16185.645490]   4E 20 01 0D 1B 23 02 13 
[16185.649272]   00 46 05 F3 C0 01 00 04 
[16185.653053]   05 04 00 01 00 04 30 14 
[16185.656835]   01 00 00 0F 
[16185.659565] # RX frame (len=20 bytes):
[16185.663362]   84 00 CA 01 08 FB EA 87 
[16185.667147]   8A AC 50 42 89 36 FC E8 
[16185.670931]   04 00 60 BB 
[16185.673670] # RX frame (len=20 bytes):
[16185.677458]   84 00 CA 01 08 FB EA 87 
[16185.681243]   8A AC 50 42 89 36 FC E8 
[16185.685022]   04 60 F0 0C 
[16185.687744] # RX frame (len=20 bytes):
[16185.691529]   84 00 CA 01 08 FB EA 87 
[16185.695313]   8A AC 50 42 89 36 FC E8 
[16185.699095]   04 40 A0 91 
[16185.701833] # RX frame (len=20 bytes):
[16185.705619]   84 00 CA 01 08 FB EA 87 
[16185.709404]   8A AC 50 42 89 36 FC E8 
[16185.713185]   04 10 F0 22 
[16185.715908] # RX frame (len=100 bytes):
[16185.719781]   50 00 00 00 0C 1C 57 92 
[16185.723564]   5B D2 B8 29 03 57 4C B0 
[16185.727348]   B8 29 03 57 4C B0 B0 C8 
[16185.731131]   D8 65 C4 29 01 00 00 00 
[16185.734914]   64 00 11 04 00 05 4D 44 
[16185.738698]   43 42 4F 01 08 82 84 8B 
[16185.742481]   96 12 24 48 6C 03 01 0B 
[16185.746264]   2A 01 04 32 04 0C 18 30 
[16185.750047]   60 2D 1A AD 01 17 FF FF 
[16185.753830]   00 00 00 00 00 00 00 00 
[16185.757613]   00 00 00 00 00 00 00 0C 
[16185.761396]   00 00 00 00 00 3D 16 0B 
[16185.765182]   00 05 00 00 
[16189.224306] wlan0: authenticate with f4:27:56:13:90:d8
[16189.253391] wlan0: send auth to f4:27:56:13:90:d8 (try 1/3)
[16189.281123] # TX frame: (len=30 bytes):
[16189.285113]   B0 00 00 00 F4 27 56 13 
[16189.288942]   90 D8 0C 1C 57 92 5B D2 
[16189.292713]   F4 27 56 13 90 D8 00 00 
[16189.296499]   00 00 01 00 00 00 
[16189.300221] # RX frame (len=30 bytes):
[16189.304092]   B0 00 3A 01 0C 1C 57 92 
[16189.307888]   5B D2 F4 27 56 13 90 D8 
[16189.311674]   F4 27 56 13 90 D8 C0 50 
[16189.315461]   00 00 02 00 00 00 
[16189.319018] wlan0: authenticated
[16189.329058] wlan0: associate with f4:27:56:13:90:d8 (try 1/3)
[16189.353277] # TX frame: (len=100 bytes):
[16189.357340]   00 00 00 00 F4 27 56 13 
[16189.361177]   90 D8 0C 1C 57 92 5B D2 
[16189.364965]   F4 27 56 13 90 D8 10 00 
[16189.368735]   31 14 14 00 00 07 4E 47 
[16189.372519]   4F 43 20 56 59 01 08 02 
[16189.376303]   04 0B 16 0C 12 18 24 32 
[16189.380087]   04 30 48 60 6C 21 02 00 
[16189.383875]   14 30 14 01 00 00 0F AC 
[16189.387660]   04 01 00 00 0F AC 04 01 
[16189.391445]   00 00 0F AC 02 00 00 2D 
[16189.395229]   1A 7E 10 1D FF 00 00 00 
[16189.399012]   00 00 00 00 00 00 96 00 
[16189.402793]   01 00 00 00 
[16189.406047] # RX frame (len=100 bytes):
[16189.409954]   10 00 3A 01 0C 1C 57 92 
[16189.413742]   5B D2 F4 27 56 13 90 D8 
[16189.417527]   F4 27 56 13 90 D8 00 00 
[16189.421311]   31 14 00 00 01 C0 01 08 
[16189.425113]   82 84 8B 96 12 24 48 6C 
[16189.428911]   32 04 0C 18 30 60 DD 07 
[16189.432681]   50 6F 9A 1B 06 01 40 46 
[16189.436466]   05 F3 C0 01 00 08 DD 18 
[16189.440250]   00 50 F2 02 01 01 00 00 
[16189.444034]   03 A4 00 00 27 A4 00 00 
[16189.447821]   42 43 5E 00 62 32 2F 00 
[16189.451616]   2D 1A AC 01 17 FF FF 00 
[16189.455406]   00 00 00 00 
[16189.458152] # RX frame (len=100 bytes):
[16189.462030]   80 00 00 00 FF FF FF FF 
[16189.465817]   FF FF F4 27 56 13 90 D8 
[16189.469602]   F4 27 56 13 90 D8 D0 50 
[16189.473386]   9B E1 29 00 50 00 00 00 
[16189.477170]   64 00 31 14 00 07 4E 47 
[16189.480952]   4F 43 20 56 59 01 08 82 
[16189.484720]   84 8B 96 12 24 48 6C 03 
[16189.488502]   01 08 32 04 0C 18 30 60 
[16189.492287]   07 06 56 4E 20 01 0D 14 
[16189.496071]   23 02 13 00 46 05 F3 C0 
[16189.499854]   01 00 00 05 04 00 01 00 
[16189.503638]   00 30 14 01 00 00 0F AC 
[16189.507419]   04 01 00 00 
[16189.510231] wlan0: associate with f4:27:56:13:90:d8 (try 2/3)
[16189.516421] # RX frame (len=100 bytes):
[16189.520329]   88 02 A2 00 0C 1C 57 92 
[16189.524119]   5B D2 F4 27 56 13 90 D8 
[16189.527908]   F4 27 56 13 90 D8 00 00 
[16189.531699]   17 00 AA AA 03 00 00 00 
[16189.535491]   88 8E 01 03 00 5F 02 00 
[16189.539277]   8A 00 10 00 00 00 00 00 
[16189.543062]   00 00 01 0C C3 57 1F 2A 
[16189.546846]   95 B8 C2 DA BA 5A A0 DC 
[16189.550629]   BB 05 9C E7 96 9A 1F 0C 
[16189.554413]   4E BA 7A AB F8 2C DB 60 
[16189.558209]   7B 21 E6 00 00 00 00 00 
[16189.561995]   00 00 00 00 00 00 00 00 
[16189.565786]   00 00 00 00 
[16189.568513] # RX frame (len=100 bytes):
[16189.572389]   80 00 00 00 FF FF FF FF 
[16189.576175]   FF FF F4 27 56 13 90 D8 
[16189.579960]   F4 27 56 13 90 D8 E0 50 
[16189.583743]   A6 71 2B 00 50 00 00 00 
[16189.587527]   64 00 31 14 00 07 4E 47 
[16189.591310]   4F 43 20 56 59 01 08 82 
[16189.595093]   84 8B 96 12 24 48 6C 03 
[16189.598877]   01 08 32 04 0C 18 30 60 
[16189.602662]   07 06 56 4E 20 01 0D 14 
[16189.606445]   23 02 13 00 46 05 F3 C0 
[16189.610230]   01 00 00 05 04 00 01 00 
[16189.614013]   00 30 14 01 00 00 0F AC 
[16189.617795]   04 01 00 00 
[16189.621291] # RX frame (len=100 bytes):
[16189.625216]   80 00 00 00 FF FF FF FF 
[16189.629004]   FF FF F4 27 56 13 90 D8 
[16189.632772]   F4 27 56 13 90 D8 F0 50 
[16189.636556]   90 01 2D 00 50 00 00 00 
[16189.640352]   64 00 31 14 00 07 4E 47 
[16189.644138]   4F 43 20 56 59 01 08 82 
[16189.647923]   84 8B 96 12 24 48 6C 03 
[16189.651707]   01 08 32 04 0C 18 30 60 
[16189.655491]   07 06 56 4E 20 01 0D 14 
[16189.659276]   23 02 13 00 46 05 F3 C0 
[16189.663065]   01 00 00 05 04 00 01 00 
[16189.666850]   00 30 14 01 00 00 0F AC 
[16189.670634]   04 01 00 00 
[16189.673560] # TX frame: (len=100 bytes):
[16189.677564]   00 00 00 00 F4 27 56 13 
[16189.681357]   90 D8 0C 1C 57 92 5B D2 
[16189.685142]   F4 27 56 13 90 D8 20 00 
[16189.688924]   31 14 14 00 00 07 4E 47 
[16189.692693]   4F 43 20 56 59 01 08 02 
[16189.696477]   04 0B 16 0C 12 18 24 32 
[16189.700261]   04 30 48 60 6C 21 02 00 
[16189.704045]   14 30 14 01 00 00 0F AC 
[16189.707829]   04 01 00 00 0F AC 04 01 
[16189.711618]   00 00 0F AC 02 00 00 2D 
[16189.715405]   1A 7E 10 1D FF 00 00 00 
[16189.719203]   00 00 00 00 00 00 96 00 
[16189.722988]   01 00 00 00 
[16189.725934] # RX frame (len=100 bytes):
[16189.729831]   10 00 3A 01 0C 1C 57 92 
[16189.733620]   5B D2 F4 27 56 13 90 D8 
[16189.737405]   F4 27 56 13 90 D8 00 00 
[16189.741195]   31 14 00 00 01 C0 01 08 
[16189.744979]   82 84 8B 96 12 24 48 6C 
[16189.748746]   32 04 0C 18 30 60 DD 07 
[16189.752544]   50 6F 9A 1B 06 01 40 46 
[16189.756330]   05 F3 C0 01 00 08 DD 18 
[16189.760116]   00 50 F2 02 01 01 00 00 
[16189.763899]   03 A4 00 00 27 A4 00 00 
[16189.767688]   42 43 5E 00 62 32 2F 00 
[16189.771482]   2D 1A AC 01 17 FF FF 00 
[16189.775265]   00 00 00 00 
[16189.778006] # RX frame (len=100 bytes):
[16189.781880]   80 00 00 00 FF FF FF FF 
[16189.785665]   FF FF F4 27 56 13 90 D8 
[16189.789448]   F4 27 56 13 90 D8 00 51 
[16189.793232]   A8 91 2E 00 50 00 00 00 
[16189.797014]   64 00 31 14 00 07 4E 47 
[16189.800782]   4F 43 20 56 59 01 08 82 
[16189.804565]   84 8B 96 12 24 48 6C 03 
[16189.808349]   01 08 32 04 0C 18 30 60 
[16189.812133]   07 06 56 4E 20 01 0D 14 
[16189.815917]   23 02 13 00 46 05 F3 C0 
[16189.819700]   01 00 00 05 04 00 01 00 
[16189.823484]   00 30 14 01 00 00 0F AC 
[16189.827270]   04 01 00 00 
[16189.830364] # RX frame (len=100 bytes):
[16189.834268]   80 00 00 00 FF FF FF FF 
[16189.838055]   FF FF F4 27 56 13 90 D8 
[16189.841839]   F4 27 56 13 90 D8 10 51 
[16189.845633]   99 21 30 00 50 00 00 00 
[16189.849420]   64 00 31 14 00 07 4E 47 
[16189.853206]   4F 43 20 56 59 01 08 82 
[16189.856987]   84 8B 96 12 24 48 6C 03 
[16189.860755]   01 08 32 04 0C 18 30 60 
[16189.864538]   07 06 56 4E 20 01 0D 14 
[16189.868322]   23 02 13 00 46 05 F3 C0 
[16189.872121]   01 00 00 05 04 00 01 00 
[16189.875907]   00 30 14 01 00 00 0F AC 
[16189.879689]   04 01 00 00 
[16189.882768] # RX frame (len=100 bytes):
[16189.886669]   80 00 00 00 FF FF FF FF 
[16189.890458]   FF FF F4 27 56 13 90 D8 
[16189.894242]   F4 27 56 13 90 D8 20 51 
[16189.898027]   9F B1 31 00 50 00 00 00 
[16189.901810]   64 00 31 14 00 07 4E 47 
[16189.905594]   4F 43 20 56 59 01 08 82 
[16189.909397]   84 8B 96 12 24 48 6C 03 
[16189.913186]   01 08 32 04 0C 18 30 60 
[16189.916969]   07 06 56 4E 20 01 0D 14 
[16189.920737]   23 02 13 00 46 05 F3 C0 
[16189.924520]   01 00 00 05 04 00 01 00 
[16189.928304]   00 30 14 01 00 00 0F AC 
[16189.932085]   04 01 00 00 
[16189.953126] wlan0: RX AssocResp from f4:27:56:13:90:d8 (capab
=0x1431 status=0 aid=1)
[16190.007501] wlan0: associated
[16190.038415] # RX frame (len=100 bytes):
[16190.042472]   80 00 00 00 FF FF FF FF 
[16190.046307]   FF FF F4 27 56 13 90 D8 
[16190.050100]   F4 27 56 13 90 D8 30 51 
[16190.053886]   A8 41 33 00 50 00 00 00 
[16190.057670]   64 00 31 14 00 07 4E 47 
[16190.061455]   4F 43 20 56 59 01 08 82 
[16190.065240]   84 8B 96 12 24 48 6C 03 
[16190.069026]   01 08 32 04 0C 18 30 60 
[16190.072794]   07 06 56 4E 20 01 0D 14 
[16190.076593]   23 02 13 00 46 05 F3 C0 
[16190.080385]   01 00 00 05 04 00 01 00 
[16190.084172]   00 30 14 01 00 00 0F AC 
[16190.087954]   04 01 00 00 
[16190.091216] # RX frame (len=100 bytes):
[16190.095139]   80 00 00 00 FF FF FF FF 
[16190.098931]   FF FF F4 27 56 13 90 D8 
[16190.102725]   F4 27 56 13 90 D8 40 51 
[16190.106511]   98 D1 34 00 50 00 00 00 
[16190.110297]   64 00 31 14 00 07 4E 47 
[16190.114080]   4F 43 20 56 59 01 08 82 
[16190.117871]   84 8B 96 12 24 48 6C 03 
[16190.121657]   01 08 32 04 0C 18 30 60 
[16190.125442]   07 06 56 4E 20 01 0D 14 
[16190.129226]   23 02 13 00 46 05 F3 C0 
[16190.133008]   01 00 00 05 04 00 01 00 
[16190.136777]   00 30 14 01 00 00 0F AC 
[16190.140559]   04 01 00 00 
[16190.735857] # RX frame (len=100 bytes):
[16190.739808]   88 02 A2 00 0C 1C 57 92 
[16190.743646]   5B D2 F4 27 56 13 90 D8 
[16190.747440]   F4 27 56 13 90 D8 10 00 
[16190.751226]   07 00 AA AA 03 00 00 00 
[16190.755010]   88 8E 01 03 00 5F 02 00 
[16190.758794]   8A 00 10 00 00 00 00 00 
[16190.762577]   00 00 02 A8 BF 65 50 A1 
[16190.766361]   3E 61 30 3A DC B3 2A 18 
[16190.770144]   AF 4C D9 88 7A 0A 49 0A 
[16190.773928]   08 16 9D B3 D5 89 3B 35 
[16190.777712]   A4 61 3C 00 00 00 00 00 
[16190.781495]   00 00 00 00 00 00 00 00 
[16190.785276]   00 00 00 00 
[16190.798255] # TX frame: (len=100 bytes):
[16190.802362]   88 01 00 00 F4 27 56 13 
[16190.806189]   90 D8 0C 1C 57 92 5B D2 
[16190.809980]   F4 27 56 13 90 D8 00 00 
[16190.813766]   07 00 AA AA 03 00 00 00 
[16190.817559]   88 8E 01 03 00 75 02 01 
[16190.821345]   0A 00 00 00 00 00 00 00 
[16190.825129]   00 00 02 4F 5E B3 D1 69 
[16190.828910]   05 07 25 46 F9 7B B4 76 
[16190.832678]   7B 3C E2 00 87 D5 6F DF 
[16190.836461]   31 F4 B5 D4 53 90 86 ED 
[16190.840245]   1F 84 FE 00 00 00 00 00 
[16190.844028]   00 00 00 00 00 00 00 00 
[16190.847811]   00 00 00 00 
[16190.851003] # RX frame (len=100 bytes):
[16190.854914]   88 02 A2 00 0C 1C 57 92 
[16190.858702]   5B D2 F4 27 56 13 90 D8 
[16190.862487]   F4 27 56 13 90 D8 20 00 
[16190.866271]   07 00 AA AA 03 00 00 00 
[16190.870055]   88 8E 01 03 00 97 02 13 
[16190.873838]   CA 00 10 00 00 00 00 00 
[16190.877622]   00 00 03 A8 BF 65 50 A1 
[16190.881406]   3E 61 30 3A DC B3 2A 18 
[16190.885190]   AF 4C D9 88 7A 0A 49 0A 
[16190.888972]   08 16 9D B3 D5 89 3B 35 
[16190.892739]   A4 61 3C 00 00 00 00 00 
[16190.896522]   00 00 00 00 00 00 00 00 
[16190.900304]   00 00 00 7D 
[16190.912933] # TX frame: (len=100 bytes):
[16190.916955]   88 01 00 00 F4 27 56 13 
[16190.920724]   90 D8 0C 1C 57 92 5B D2 
[16190.924544]   F4 27 56 13 90 D8 10 00 
[16190.928334]   07 00 AA AA 03 00 00 00 
[16190.932118]   88 8E 01 03 00 5F 02 03 
[16190.935916]   0A 00 00 00 00 00 00 00 
[16190.939703]   00 00 03 00 00 00 00 00 
[16190.943487]   00 00 00 00 00 00 00 00 
[16190.947270]   00 00 00 00 00 00 00 00 
[16190.951053]   00 00 00 00 00 00 00 00 
[16190.954836]   00 00 00 00 00 00 00 00 
[16190.958619]   00 00 00 00 00 00 00 00 
[16190.962401]   00 00 00 00 
[16190.971039] IPv6: ADDRCONF(NETDEV_CHANGE): wlan0: link become
s ready
[16191.005975] wifi0: Association completed.
[16191.088588] # TX frame: (len=100 bytes):
[16191.092714]   88 41 00 00 F4 27 56 13 
[16191.096557]   90 D8 0C 1C 57 92 5B D2 
[16191.100354]   33 33 00 00 00 16 00 00 
[16191.104141]   00 00 00 00 00 00 00 00 
[16191.107925]   00 00 AA AA 03 00 00 00 
[16191.111709]   86 DD 60 00 00 00 00 38 
[16191.115493]   00 01 00 00 00 00 00 00 
[16191.119276]   00 00 00 00 00 00 00 00 
[16191.123060]   00 00 FF 02 00 00 00 00 
[16191.126843]   00 00 00 00 00 00 00 00 
[16191.130633]   00 16 3A 00 05 02 00 00 
[16191.134425]   01 00 8F 00 2D D7 00 00 
[16191.138209]   00 02 04 00 
[16191.162784] # TX frame: (len=100 bytes):
[16191.166836]   88 41 00 00 F4 27 56 13 
[16191.170671]   90 D8 0C 1C 57 92 5B D2 
[16191.174462]   FF FF FF FF FF FF 00 00 
[16191.178249]   06 00 00 00 00 00 00 00 
[16191.182033]   00 00 AA AA 03 00 00 00 
[16191.185817]   08 00 45 C0 01 3B 00 00 
[16191.189602]   40 00 40 11 38 F3 00 00 
[16191.193385]   00 00 FF FF FF FF 00 44 
[16191.197169]   00 43 01 27 D6 3A 01 01 
[16191.200983]   06 00 9E 73 D5 C7 00 01 
[16191.204762]   00 00 00 00 00 00 00 00 
[16191.208550]   00 00 00 00 00 00 00 00 
[16191.212332]   00 00 0C 1C 
[16191.215606] # RX frame (len=100 bytes):
[16191.219518]   88 42 A2 00 0C 1C 57 92 
[16191.223306]   5B D2 F4 27 56 13 90 D8 
[16191.227112]   F4 27 56 13 90 D7 30 00 
[16191.230899]   07 00 AA AA 03 00 00 00 
[16191.234689]   08 00 45 00 02 40 00 00 
[16191.238473]   00 00 40 11 F5 53 C0 A8 
[16191.242258]   01 01 C0 A8 01 08 00 43 
[16191.246041]   00 44 02 2C 2A B1 02 01 
[16191.249825]   06 00 9E 73 D5 C7 00 00 
[16191.253608]   00 00 00 00 00 00 C0 A8 
[16191.257392]   01 08 00 00 00 00 00 00 
[16191.261175]   00 00 0C 1C 57 92 5B D2 
[16191.264961]   00 00 00 00 
[16191.267704] # RX frame (len=33 bytes):
[16191.271496]   D0 00 3A 01 0C 1C 57 92 
[16191.275282]   5B D2 F4 27 56 13 90 D8 
[16191.279069]   F4 27 56 13 90 D8 10 52 
[16191.282853]   03 00 01 1E 10 00 00 40 
[16191.286633]   00 
[16191.299500] # TX frame: (len=33 bytes):
[16191.303556]   D0 00 00 00 F4 27 56 13 
[16191.307386]   90 D8 0C 1C 57 92 5B D2 
[16191.311176]   F4 27 56 13 90 D8 30 00 
[16191.314977]   03 01 01 00 00 1E 08 00 
[16191.318770]   00 
[16191.321009] # RX frame (len=20 bytes):
[16191.324794]   84 00 CA 01 0C 1C 57 92 
[16191.328598]   5B D2 F4 27 56 13 90 D8 
[16191.332383]   04 70 40 00 
[16191.395197] # TX frame: (len=82 bytes):
[16191.399226]   88 41 00 00 F4 27 56 13 
[16191.403068]   90 D8 0C 1C 57 92 5B D2 
[16191.406860]   01 00 5E 00 00 16 10 00 
[16191.410648]   06 00 00 00 00 00 00 00 
[16191.414433]   00 00 AA AA 03 00 00 00 
[16191.418217]   08 00 46 C0 00 28 00 00 
[16191.422001]   40 00 01 02 42 49 C0 A8 
[16191.425785]   01 08 E0 00 00 16 94 04 
[16191.429570]   00 00 22 00 F9 02 00 00 
[16191.433352]   00 01 04 00 00 00 E0 00 
[16191.437133]   00 FB 
[16191.543045] # TX frame: (len=100 bytes):
[16191.547175]   88 41 00 00 F4 27 56 13 
[16191.551019]   90 D8 0C 1C 57 92 5B D2 
[16191.554812]   33 33 00 00 00 16 10 00 
[16191.558598]   00 00 00 00 00 00 00 00 
[16191.562382]   00 00 AA AA 03 00 00 00 
[16191.566167]   86 DD 60 00 00 00 00 38 
[16191.569949]   00 01 00 00 00 00 00 00 
[16191.573733]   00 00 00 00 00 00 00 00 
[16191.577516]   00 00 FF 02 00 00 00 00 
[16191.581298]   00 00 00 00 00 00 00 00 
[16191.585080]   00 16 3A 00 05 02 00 00 
[16191.588863]   01 00 8F 00 2D D7 00 00 
[16191.592629]   00 02 04 00 
[16191.603116] # TX frame: (len=100 bytes):
[16191.607234]   88 41 00 00 F4 27 56 13 
[16191.611062]   90 D8 0C 1C 57 92 5B D2 
[16191.614852]   01 00 5E 00 00 FB 20 00 
[16191.618639]   00 00 00 00 00 00 00 00 
[16191.622424]   00 00 AA AA 03 00 00 00 
[16191.626208]   08 00 45 00 00 E7 C2 16 
[16191.629992]   40 00 FF 11 16 43 C0 A8 
[16191.633775]   01 08 E0 00 00 FB 14 E9 
[16191.637560]   14 E9 00 D3 FF F9 00 00 
[16191.641343]   00 00 00 03 00 00 00 04 
[16191.645127]   00 00 01 66 01 65 01 63 
[16191.648935]   01 33 01 31 01 62 01 61 
[16191.652703]   01 32 01 65 
[16191.703667] # TX frame: (len=100 bytes):
[16191.707757]   88 41 00 00 F4 27 56 13 
[16191.711595]   90 D8 0C 1C 57 92 5B D2 
[16191.715387]   33 33 FF B1 3C EF 30 00 
[16191.719181]   00 00 00 00 00 00 00 00 
[16191.722976]   00 00 AA AA 03 00 00 00 
[16191.726764]   86 DD 60 00 00 00 00 20 
[16191.730548]   3A FF 00 00 00 00 00 00 
[16191.734332]   00 00 00 00 00 00 00 00 
[16191.738116]   00 00 FF 02 00 00 00 00 
[16191.741900]   00 00 00 00 00 01 FF B1 
[16191.745683]   3C EF 87 00 1D 7B 00 00 
[16191.749485]   00 00 FE 80 00 00 00 00 
[16191.753275]   00 00 3A EA 
[16191.815094] # TX frame: (len=100 bytes):
[16191.819178]   88 41 00 00 F4 27 56 13 
[16191.823018]   90 D8 0C 1C 57 92 5B D2 
[16191.826810]   01 00 5E 00 00 FB 40 00 
[16191.830596]   00 00 00 00 00 00 00 00 
[16191.834380]   00 00 AA AA 03 00 00 00 
[16191.838165]   08 00 45 00 00 E7 C2 40 
[16191.841947]   40 00 FF 11 16 19 C0 A8 
[16191.845732]   01 08 E0 00 00 FB 14 E9 
[16191.849531]   14 E9 00 D3 FF F9 00 00 
[16191.853316]   00 00 00 03 00 00 00 04 
[16191.857108]   00 00 01 66 01 65 01 63 
[16191.861035]   01 33 01 31 01 62 01 61 
[16191.864805]   01 32 01 65 
[16191.871083] # TX frame: (len=82 bytes):
[16191.875069]   88 41 00 00 F4 27 56 13 
[16191.878894]   90 D8 0C 1C 57 92 5B D2 
[16191.882685]   01 00 5E 00 00 16 20 00 
[16191.886470]   06 00 00 00 00 00 00 00 
[16191.890254]   00 00 AA AA 03 00 00 00 
[16191.894038]   08 00 46 C0 00 28 00 00 
[16191.897823]   40 00 01 02 42 49 C0 A8 
[16191.901607]   01 08 E0 00 00 16 94 04 
[16191.905391]   00 00 22 00 F9 02 00 00 
[16191.909174]   00 01 04 00 00 00 E0 00 
[16191.912953]   00 FB 
[16192.067164] # TX frame: (len=100 bytes):
[16192.071272]   88 41 00 00 F4 27 56 13 
[16192.075112]   90 D8 0C 1C 57 92 5B D2 
[16192.078904]   01 00 5E 00 00 FB 50 00 
[16192.082689]   00 00 00 00 00 00 00 00 
[16192.086474]   00 00 AA AA 03 00 00 00 
[16192.090259]   08 00 45 00 00 E7 C2 6E 
[16192.094043]   40 00 FF 11 15 EB C0 A8 
[16192.097826]   01 08 E0 00 00 FB 14 E9 
[16192.101610]   14 E9 00 D3 FF F9 00 00 
[16192.105392]   00 00 00 03 00 00 00 04 
[16192.109176]   00 00 01 66 01 65 01 63 
[16192.112957]   01 33 01 31 01 62 01 61 
[16192.116724]   01 32 01 65 
[16192.266132] # TX frame: (len=100 bytes):
[16192.270185]   88 41 00 00 F4 27 56 13 
[16192.274023]   90 D8 0C 1C 57 92 5B D2 
[16192.277816]   01 00 5E 00 00 FB 60 00 
[16192.281603]   00 00 00 00 00 00 00 00 
[16192.285387]   00 00 AA AA 03 00 00 00 
[16192.289170]   08 00 45 00 00 D5 C2 73 
[16192.292952]   40 00 FF 11 15 F8 C0 A8 
[16192.296721]   01 08 E0 00 00 FB 14 E9 
[16192.300505]   14 E9 00 C1 41 53 00 00 
[16192.304289]   84 00 00 00 00 04 00 00 
[16192.308073]   00 00 01 66 01 65 01 63 
[16192.311857]   01 33 01 31 01 62 01 61 
[16192.315639]   01 32 01 65 
[16192.730374] # TX frame: (len=100 bytes):
[16192.734449]   88 41 00 00 F4 27 56 13 
[16192.738272]   90 D8 0C 1C 57 92 5B D2 
[16192.742081]   33 33 00 00 00 16 70 00 
[16192.745873]   00 00 00 00 00 00 00 00 
[16192.749658]   00 00 AA AA 03 00 00 00 
[16192.753442]   86 DD 60 00 00 00 00 38 
[16192.757238]   00 01 FE 80 00 00 00 00 
[16192.761024]   00 00 3A EA 68 AE 2A B1 
[16192.764811]   3C EF FF 02 00 00 00 00 
[16192.768599]   00 00 00 00 00 00 00 00 
[16192.772384]   00 16 3A 00 05 02 00 00 
[16192.776167]   01 00 8F 00 24 1D 00 00 
[16192.779949]   00 02 04 00 
[16192.802868] # TX frame: (len=100 bytes):
[16192.806956]   88 41 00 00 F4 27 56 13 
[16192.810777]   90 D8 0C 1C 57 92 5B D2 
[16192.814567]   33 33 00 00 00 16 80 00 
[16192.818353]   00 00 00 00 00 00 00 00 
[16192.822137]   00 00 AA AA 03 00 00 00 
[16192.825921]   86 DD 60 00 00 00 00 38 
[16192.829705]   00 01 FE 80 00 00 00 00 
[16192.833488]   00 00 3A EA 68 AE 2A B1 
[16192.837272]   3C EF FF 02 00 00 00 00 
[16192.841053]   00 00 00 00 00 00 00 00 
[16192.844822]   00 16 3A 00 05 02 00 00 
[16192.848625]   01 00 8F 00 24 1D 00 00 
[16192.852411]   00 02 04 00 
[16192.983043] # TX frame: (len=90 bytes):
[16192.986986]   88 41 00 00 F4 27 56 13 
[16192.990809]   90 D8 0C 1C 57 92 5B D2 
[16192.994599]   33 33 00 00 00 02 90 00 
[16192.998384]   00 00 00 00 00 00 00 00 
[16193.002167]   00 00 AA AA 03 00 00 00 
[16193.005951]   86 DD 60 0F 12 22 00 08 
[16193.009735]   3A FF FE 80 00 00 00 00 
[16193.013519]   00 00 3A EA 68 AE 2A B1 
[16193.017302]   3C EF FF 02 00 00 00 00 
[16193.021086]   00 00 00 00 00 00 00 00 
[16193.024867]   00 02 85 00 71 FE 00 00 
[16193.028634]   00 00 
[16193.174608] # TX frame: (len=100 bytes):
[16193.178664]   88 41 00 00 F4 27 56 13 
[16193.182486]   90 D8 0C 1C 57 92 5B D2 
[16193.186276]   33 33 00 00 00 16 A0 00 
[16193.190061]   00 00 00 00 00 00 00 00 
[16193.193847]   00 00 AA AA 03 00 00 00 
[16193.197632]   86 DD 60 00 00 00 00 38 
[16193.201425]   00 01 FE 80 00 00 00 00 
[16193.205225]   00 00 3A EA 68 AE 2A B1 
[16193.209012]   3C EF FF 02 00 00 00 00 
[16193.212779]   00 00 00 00 00 00 00 00 
[16193.216563]   00 16 3A 00 05 02 00 00 
[16193.220348]   01 00 8F 00 24 1D 00 00 
[16193.224129]   00 02 04 00 
[16193.393976] # TX frame: (len=100 bytes):
[16193.398078]   88 41 00 00 F4 27 56 13 
[16193.401908]   90 D8 0C 1C 57 92 5B D2 
[16193.405700]   33 33 00 00 00 FB C0 00 
[16193.409484]   00 00 00 00 00 00 00 00 
[16193.413268]   00 00 AA AA 03 00 00 00 
[16193.417050]   86 DD 60 0E AD F2 00 8F 
[16193.420818]   11 FF FE 80 00 00 00 00 
[16193.424601]   00 00 3A EA 68 AE 2A B1 
[16193.428386]   3C EF FF 02 00 00 00 00 
[16193.432168]   00 00 00 00 00 00 00 00 
[16193.435951]   00 FB 14 E9 14 E9 00 8F 
[16193.439734]   46 65 00 00 84 00 00 00 
[16193.443516]   00 02 00 00 
[16193.446482] # TX frame: (len=100 bytes):
[16193.450467]   88 41 00 00 F4 27 56 13 
[16193.454257]   90 D8 0C 1C 57 92 5B D2 
[16193.458043]   01 00 5E 00 00 FB B0 00 
[16193.461836]   00 00 00 00 00 00 00 00 
[16193.465623]   00 00 AA AA 03 00 00 00 
[16193.469407]   08 00 45 00 00 D5 C2 AF 
[16193.473190]   40 00 FF 11 15 BC C0 A8 
[16193.476971]   01 08 E0 00 00 FB 14 E9 
[16193.480740]   14 E9 00 C1 41 53 00 00 
[16193.484529]   84 00 00 00 00 04 00 00 
[16193.488314]   00 00 01 66 01 65 01 63 
[16193.492098]   01 33 01 31 01 62 01 61 
[16193.495880]   01 32 01 65 
[16193.507769] # TX frame: (len=100 bytes):
[16193.511884]   88 41 00 00 F4 27 56 13 
[16193.515712]   90 D8 0C 1C 57 92 5B D2 
[16193.519502]   33 33 00 00 00 16 D0 00 
[16193.523308]   00 00 00 00 00 00 00 00 
[16193.527099]   00 00 AA AA 03 00 00 00 
[16193.530885]   86 DD 60 00 00 00 00 38 
[16193.534669]   00 01 FE 80 00 00 00 00 
[16193.538453]   00 00 3A EA 68 AE 2A B1 
[16193.542236]   3C EF FF 02 00 00 00 00 
[16193.546020]   00 00 00 00 00 00 00 00 
[16193.549804]   00 16 3A 00 05 02 00 00 
[16193.553587]   01 00 8F 00 24 1D 00 00 
[16193.557369]   00 02 04 00 
[16195.524375] # TX frame: (len=100 bytes):
[16195.528452]   88 41 00 00 F4 27 56 13 
[16195.532284]   90 D8 0C 1C 57 92 5B D2 
[16195.536076]   01 00 5E 00 00 FB E0 00 
[16195.539861]   00 00 00 00 00 00 00 00 
[16195.543645]   00 00 AA AA 03 00 00 00 
[16195.547429]   08 00 45 00 00 D5 C4 41 
[16195.551213]   40 00 FF 11 14 2A C0 A8 
[16195.554998]   01 08 E0 00 00 FB 14 E9 
[16195.558782]   14 E9 00 C1 41 53 00 00 
[16195.562565]   84 00 00 00 00 04 00 00 
[16195.566349]   00 00 01 66 01 65 01 63 
[16195.570132]   01 33 01 31 01 62 01 61 
[16195.573915]   01 32 01 65 
[16195.576648] # TX frame: (len=100 bytes):
[16195.580612]   88 41 00 00 F4 27 56 13 
[16195.584396]   90 D8 0C 1C 57 92 5B D2 
[16195.588183]   33 33 00 00 00 FB F0 00 
[16195.591967]   00 00 00 00 00 00 00 00 
[16195.595752]   00 00 AA AA 03 00 00 00 
[16195.599536]   86 DD 60 0E AD F2 00 8F 
[16195.603320]   11 FF FE 80 00 00 00 00 
[16195.607103]   00 00 3A EA 68 AE 2A B1 
[16195.610887]   3C EF FF 02 00 00 00 00 
[16195.614682]   00 00 00 00 00 00 00 00 
[16195.618469]   00 FB 14 E9 14 E9 00 8F 
[16195.622254]   46 65 00 00 84 00 00 00 
[16195.626037]   00 02 00 00 
[16197.099035] # TX frame: (len=90 bytes):
[16197.102980]   88 41 00 00 F4 27 56 13 
[16197.106810]   90 D8 0C 1C 57 92 5B D2 
[16197.110602]   33 33 00 00 00 02 00 01 
[16197.114388]   00 00 00 00 00 00 00 00 
[16197.118172]   00 00 AA AA 03 00 00 00 
[16197.121957]   86 DD 60 0F 12 22 00 08 
[16197.125741]   3A FF FE 80 00 00 00 00 
[16197.129527]   00 00 3A EA 68 AE 2A B1 
[16197.133309]   3C EF FF 02 00 00 00 00 
[16197.137093]   00 00 00 00 00 00 00 00 
[16197.140862]   00 02 85 00 71 FE 00 00 
[16197.144642]   00 00 
[16205.030689] # TX frame: (len=90 bytes):
[16205.034640]   88 41 00 00 F4 27 56 13 
[16205.038474]   90 D8 0C 1C 57 92 5B D2 
[16205.042267]   33 33 00 00 00 02 10 01 
[16205.046052]   00 00 00 00 00 00 00 00 
[16205.049837]   00 00 AA AA 03 00 00 00 
[16205.053621]   86 DD 60 0F 12 22 00 08 
[16205.057405]   3A FF FE 80 00 00 00 00 
[16205.061188]   00 00 3A EA 68 AE 2A B1 
[16205.064957]   3C EF FF 02 00 00 00 00 
[16205.068738]   00 00 00 00 00 00 00 00 
[16205.072522]   00 02 85 00 71 FE 00 00 
[16205.076303]   00 00 
[16220.574263] # TX frame: (len=90 bytes):
[16220.578212]   88 41 00 00 F4 27 56 13 
[16220.582043]   90 D8 0C 1C 57 92 5B D2 
[16220.585832]   33 33 00 00 00 02 20 01 
[16220.589619]   00 00 00 00 00 00 00 00 
[16220.593403]   00 00 AA AA 03 00 00 00 
[16220.597200]   86 DD 60 0F 12 22 00 08 
[16220.600969]   3A FF FE 80 00 00 00 00 
[16220.604755]   00 00 3A EA 68 AE 2A B1 
[16220.608540]   3C EF FF 02 00 00 00 00 
[16220.612324]   00 00 00 00 00 00 00 00 
[16220.616107]   00 02 85 00 71 FE 00 00 
[16220.619888]   00 00 


PING:
64 bytes from sd-in-f100.1e100.net (142.251.10.100): icmp_seq=3 
[16289.688577] # TX frame: (len=33 bytes):
ttl=109 time=113 ms
[16289.694288]   D0 00 00 00 F4 27 56 13 
[16289.699820]   90 D8 0C 1C 57 92 5B D2 
[16289.703610]   F4 27 56 13 90 D8 A0 00 
[16289.707396]   03 01 01 00 00 02 08 00 
[16289.711178]   00 
[16289.713336] # RX frame (len=20 bytes):
[16289.717208]   84 00 CA 01 0C 1C 57 92 
[16289.721005]   5B D2 F4 27 56 13 90 D8 
[16289.724791]   04 00 F0 00 
[16289.727961] # RX frame (len=20 bytes):
[16289.731800]   84 00 CA 01 0C 1C 57 92 
[16289.735593]   5B D2 F4 27 56 13 90 D8 
[16289.739393]   04 70 10 01 
[16290.441377] # TX frame: (len=100 bytes):
[16290.445431]   88 41 00 00 F4 27 56 13 
[16290.449260]   90 D8 0C 1C 57 92 5B D2 
[16290.453046]   F4 27 56 13 90 D7 F0 02 
[16290.456833]   00 00 00 00 00 00 00 00 
[16290.460619]   00 00 AA AA 03 00 00 00 
[16290.464402]   08 00 45 00 00 54 B4 F2 
[16290.468185]   40 00 40 01 2A A7 C0 A8 
[16290.471969]   01 08 8E FB 0A 64 08 00 
[16290.475752]   0B 46 61 BF 00 04 05 5B 
[16290.479536]   05 6A 86 2E 0F 00 08 09 
[16290.483319]   0A 0B 0C 0D 0E 0F 10 11 
[16290.487103]   12 13 14 15 16 17 18 19 
[16290.490885]   1A 1B 1C 1D 
[16290.496194] # RX frame (len=100 bytes):
[16290.500177]   88 42 7F 00 0C 1C 57 92 
[16290.503996]   5B D2 F4 27 56 13 90 D8 
[16290.507784]   F4 27 56 13 90 D7 10 01 
[16290.511568]   07 00 AA AA 03 00 00 00 
[16290.515353]   08 00 45 00 00 54 00 00 
[16290.519162]   00 00 6D 01 F2 99 8E FB 
[16290.522951]   0A 64 C0 A8 01 08 00 00 
[16290.526736]   13 46 61 BF 00 04 05 5B 
[16290.530520]   05 6A 86 2E 0F 00 08 09 
[16290.534305]   0A 0B 0C 0D 0E 0F 10 11 
[16290.538088]   12 13 14 15 16 17 18 19 
[16290.541872]   1A 1B 1C 1D 1E 1F 20 21 
[16290.545638]   22 23 24 25 
[16290.554514] # TX frame: (len=100 bytes):
[16290.558585]   88 41 00 00 F4 27 56 13 
[16290.562412]   90 D8 0C 1C 57 92 5B D2 
[16290.566202]   F4 27 56 13 90 D7 00 03 
[16290.569987]   00 00 00 00 00 00 00 00 
[16290.573772]   00 00 AA AA 03 00 00 00 
[16290.577539]   08 00 45 00 00 49 7E F5 
[16290.581322]   40 00 40 11 E9 EE C0 A8 
[16290.585106]   01 08 08 08 08 08 CA C5 
[16290.588887]   00 35 00 35 D5 EA 13 C8 
[16290.592670]   01 00 00 01 00 00 00 00 
[16290.596454]   00 00 03 31 30 30 02 31 
[16290.600239]   30 03 32 35 31 03 31 34 
[16290.604021]   32 07 69 6E 
[16290.611085] # RX frame (len=100 bytes):
[16290.615077]   88 42 30 00 0C 1C 57 92 
[16290.618900]   5B D2 F4 27 56 13 90 D8 
[16290.622690]   F4 27 56 13 90 D7 F0 00 
[16290.626474]   00 00 AA AA 03 00 00 00 
[16290.630259]   08 00 45 00 00 6B FB 55 
[16290.634042]   00 00 6D 11 80 6C 08 08 
[16290.637826]   08 08 C0 A8 01 08 00 35 
[16290.641594]   CA C5 00 57 84 7D 13 C8 
[16290.645376]   81 80 00 01 00 01 00 00 
[16290.649160]   00 00 03 31 30 30 02 31 
[16290.652950]   30 03 32 35 31 03 31 34 
[16290.656735]   32 07 69 6E 2D 61 64 64 
[16290.660516]   72 04 61 72 

