[ 5970.700966] # Test sector 8192 + 2446 = 10638 (len=512 bytes):
[ 5970.706852]   F8 FF FF 0F FF FF FF FF 
[ 5970.710638]   FF FF FF 0F FF FF FF 0F 
[ 5970.714422]   FF FF FF 0F FF FF FF 0F 
[ 5970.718207]   FF FF FF 0F 00 00 00 00 
[ 5970.721997]   00 00 00 00 00 00 00 00 
[ 5970.725765]   00 00 00 00 00 00 00 00 
[ 5970.729550]   00 00 00 00 00 00 00 00 
[ 5970.733336]   00 00 00 00 00 00 00 00 
[ 5970.737121]   00 00 00 00 00 00 00 00 
[ 5970.740906]   00 00 00 00 00 00 00 00 
[ 5970.744691]   00 00 00 00 00 00 00 00 
[ 5970.748475]   00 00 00 00 00 00 00 00 
[ 5970.752260]   00 00 00 00 00 00 00 00 
[ 5970.756044]   00 00 00 00 00 00 00 00 
[ 5970.759829]   00 00 00 00 00 00 00 00 
[ 5970.763614]   00 00 00 00 00 00 00 00 
[ 5970.767399]   00 00 00 00 00 00 00 00 
[ 5970.771184]   00 00 00 00 00 00 00 00 
[ 5970.774968]   00 00 00 00 00 00 00 00 
[ 5970.778753]   00 00 00 00 00 00 00 00 
[ 5970.782537]   00 00 00 00 00 00 00 00 
[ 5970.786321]   00 00 00 00 00 00 00 00 
[ 5970.790105]   00 00 00 00 00 00 00 00 
[ 5970.793890]   00 00 00 00 00 00 00 00 
[ 5970.797658]   00 00 00 00 00 00 00 00 
[ 5970.801441]   00 00 00 00 00 00 00 00 
[ 5970.805226]   00 00 00 00 00 00 00 00 
[ 5970.809012]   00 00 00 00 00 00 00 00 
[ 5970.812797]   00 00 00 00 00 00 00 00 
[ 5970.816581]   00 00 00 00 00 00 00 00 
[ 5970.820366]   00 00 00 00 00 00 00 00 
[ 5970.824151]   00 00 00 00 00 00 00 00 
[ 5970.827940]   00 00 00 00 00 00 00 00 
[ 5970.831726]   00 00 00 00 00 00 00 00 
[ 5970.835511]   00 00 00 00 00 00 00 00 
[ 5970.839296]   00 00 00 00 00 00 00 00 
[ 5970.843080]   00 00 00 00 00 00 00 00 
[ 5970.846865]   00 00 00 00 00 00 00 00 
[ 5970.850663]   00 00 00 00 00 00 00 00 
[ 5970.854448]   00 00 00 00 00 00 00 00 
[ 5970.858233]   00 00 00 00 00 00 00 00 
[ 5970.862017]   00 00 00 00 00 00 00 00 
[ 5970.865785]   00 00 00 00 00 00 00 00 
[ 5970.869570]   00 00 00 00 00 00 00 00 
[ 5970.873356]   00 00 00 00 00 00 00 00 
[ 5970.877140]   00 00 00 00 00 00 00 00 
[ 5970.880926]   00 00 00 00 00 00 00 00 
[ 5970.884710]   00 00 00 00 00 00 00 00 
[ 5970.888496]   00 00 00 00 00 00 00 00 
[ 5970.892281]   00 00 00 00 00 00 00 00 
[ 5970.896066]   00 00 00 00 00 00 00 00 
[ 5970.899851]   00 00 00 00 00 00 00 00 
[ 5970.903636]   00 00 00 00 00 00 00 00 
[ 5970.907421]   00 00 00 00 00 00 00 00 
[ 5970.911205]   00 00 00 00 00 00 00 00 
[ 5970.914994]   00 00 00 00 00 00 00 00 
[ 5970.918779]   00 00 00 00 00 00 00 00 
[ 5970.922563]   00 00 00 00 00 00 00 00 
[ 5970.926352]   00 00 00 00 00 00 00 00 
[ 5970.930143]   00 00 00 00 00 00 00 00 
[ 5970.933929]   00 00 00 00 00 00 00 00 
[ 5970.937698]   00 00 00 00 00 00 00 00 
[ 5970.941482]   00 00 00 00 00 00 00 00 
[ 5970.945266]   00 00 00 00 00 00 00 00 

[ 6075.885794] # Test sector 8192 + 2446 + 15161 = 25799 (len=512 byt
es):
[ 6075.892377]   F8 FF FF 0F FF FF FF FF 
[ 6075.896164]   FF FF FF 0F FF FF FF 0F 
[ 6075.899949]   FF FF FF 0F FF FF FF 0F 
[ 6075.903734]   FF FF FF 0F 00 00 00 00 
[ 6075.907543]   00 00 00 00 00 00 00 00 
[ 6075.911334]   00 00 00 00 00 00 00 00 
[ 6075.915120]   00 00 00 00 00 00 00 00 
[ 6075.918904]   00 00 00 00 00 00 00 00 
[ 6075.922689]   00 00 00 00 00 00 00 00 
[ 6075.926473]   00 00 00 00 00 00 00 00 
[ 6075.930258]   00 00 00 00 00 00 00 00 
[ 6075.934044]   00 00 00 00 00 00 00 00 
[ 6075.937811]   00 00 00 00 00 00 00 00 
[ 6075.941598]   00 00 00 00 00 00 00 00 
[ 6075.945384]   00 00 00 00 00 00 00 00 
[ 6075.949170]   00 00 00 00 00 00 00 00 
[ 6075.952956]   00 00 00 00 00 00 00 00 
[ 6075.956741]   00 00 00 00 00 00 00 00 
[ 6075.960526]   00 00 00 00 00 00 00 00 
[ 6075.964311]   00 00 00 00 00 00 00 00 
[ 6075.968097]   00 00 00 00 00 00 00 00 
[ 6075.971882]   00 00 00 00 00 00 00 00 
[ 6075.975667]   00 00 00 00 00 00 00 00 
[ 6075.979452]   00 00 00 00 00 00 00 00 
[ 6075.983237]   00 00 00 00 00 00 00 00 
[ 6075.987024]   00 00 00 00 00 00 00 00 
[ 6075.990832]   00 00 00 00 00 00 00 00 
[ 6075.994620]   00 00 00 00 00 00 00 00 
[ 6075.998405]   00 00 00 00 00 00 00 00 
[ 6076.002191]   00 00 00 00 00 00 00 00 
[ 6076.005993]   00 00 00 00 00 00 00 00 
[ 6076.009762]   00 00 00 00 00 00 00 00 
[ 6076.013556]   00 00 00 00 00 00 00 00 
[ 6076.017344]   00 00 00 00 00 00 00 00 
[ 6076.021130]   00 00 00 00 00 00 00 00 
[ 6076.024915]   00 00 00 00 00 00 00 00 
[ 6076.028701]   00 00 00 00 00 00 00 00 
[ 6076.032486]   00 00 00 00 00 00 00 00 
[ 6076.036283]   00 00 00 00 00 00 00 00 
[ 6076.040072]   00 00 00 00 00 00 00 00 
[ 6076.043862]   00 00 00 00 00 00 00 00 
[ 6076.047648]   00 00 00 00 00 00 00 00 
[ 6076.051433]   00 00 00 00 00 00 00 00 
[ 6076.055217]   00 00 00 00 00 00 00 00 
[ 6076.059003]   00 00 00 00 00 00 00 00 
[ 6076.062787]   00 00 00 00 00 00 00 00 
[ 6076.066569]   00 00 00 00 00 00 00 00 
[ 6076.070354]   00 00 00 00 00 00 00 00 
[ 6076.074140]   00 00 00 00 00 00 00 00 
[ 6076.077925]   00 00 00 00 00 00 00 00 
[ 6076.081693]   00 00 00 00 00 00 00 00 
[ 6076.085477]   00 00 00 00 00 00 00 00 
[ 6076.089262]   00 00 00 00 00 00 00 00 
[ 6076.093046]   00 00 00 00 00 00 00 00 
[ 6076.096832]   00 00 00 00 00 00 00 00 
[ 6076.100617]   00 00 00 00 00 00 00 00 
[ 6076.104403]   00 00 00 00 00 00 00 00 
[ 6076.108187]   00 00 00 00 00 00 00 00 
[ 6076.111972]   00 00 00 00 00 00 00 00 
[ 6076.115763]   00 00 00 00 00 00 00 00 
[ 6076.119550]   00 00 00 00 00 00 00 00 
[ 6076.123336]   00 00 00 00 00 00 00 00 
[ 6076.127121]   00 00 00 00 00 00 00 00 
[ 6076.130905]   00 00 00 00 00 00 00 00 


[ 6107.180993] # Test sector 8192 + 32768 = 40960 (len=512 byt
es):
[ 6107.187576]   42 20 00 49 00 6E 00 66 
[ 6107.191364]   00 6F 00 0F 00 72 72 00 
[ 6107.195149]   6D 00 61 00 74 00 69 00 
[ 6107.198935]   6F 00 00 00 6E 00 00 00 
[ 6107.202721]   01 53 00 79 00 73 00 74 
[ 6107.206518]   00 65 00 0F 00 72 6D 00 
[ 6107.210306]   20 00 56 00 6F 00 6C 00 
[ 6107.214093]   75 00 00 00 6D 00 65 00 
[ 6107.217878]   53 59 53 54 45 4D 7E 31 
[ 6107.221646]   20 20 20 16 00 BB 92 9B 
[ 6107.225430]   5B 5B 5B 5B 00 00 93 9B 
[ 6107.229216]   5B 5B 03 00 00 00 00 00 
[ 6107.233001]   E5 4E 00 65 00 77 00 20 
[ 6107.236785]   00 66 00 0F 00 DD 6F 00 
[ 6107.240570]   6C 00 64 00 65 00 72 00 
[ 6107.244357]   00 00 00 00 FF FF FF FF 
[ 6107.248142]   E5 45 57 46 4F 4C 7E 31 
[ 6107.251929]   20 20 20 10 00 89 96 9B 
[ 6107.255713]   5B 5B 5B 5B 00 00 97 9B 
[ 6107.259499]   5B 5B 06 00 00 00 00 00 
[ 6107.263283]   E5 45 4C 4C 4F 20 20 20 
[ 6107.267068]   54 58 54 10 18 89 96 9B 
[ 6107.270853]   5B 5B 5B 5B 00 00 97 9B 
[ 6107.274638]   5B 5B 06 00 00 10 00 00 
[ 6107.278424]   E5 6D 00 65 00 6E 00 74 
[ 6107.282214]   00 2E 00 0F 00 9F 74 00 
[ 6107.286000]   78 00 74 00 00 00 FF FF 
[ 6107.289768]   FF FF 00 00 FF FF FF FF 
[ 6107.293552]   E5 4E 00 65 00 77 00 20 
[ 6107.297338]   00 54 00 0F 00 9F 65 00 
[ 6107.301123]   78 00 74 00 20 00 44 00 
[ 6107.304909]   6F 00 00 00 63 00 75 00 
[ 6107.308694]   E5 45 57 54 45 58 7E 31 
[ 6107.312479]   54 58 54 20 00 4F A0 9B 
[ 6107.316263]   5B 5B 5B 5B 00 00 A1 9B 
[ 6107.320048]   5B 5B 00 00 00 00 00 00 
[ 6107.323834]   48 45 4C 4C 4F 20 20 20 
[ 6107.327620]   54 58 54 20 18 4F A0 9B 
[ 6107.331406]   5B 5B 5B 5B 00 00 A7 9B 
[ 6107.335190]   5B 5B 06 00 0C 00 00 00 
[ 6107.338976]   00 00 00 00 00 00 00 00 
[ 6107.342762]   00 00 00 00 00 00 00 00 
[ 6107.346544]   00 00 00 00 00 00 00 00 
[ 6107.350330]   00 00 00 00 00 00 00 00 
[ 6107.354115]   00 00 00 00 00 00 00 00 
[ 6107.357899]   00 00 00 00 00 00 00 00 
[ 6107.361667]   00 00 00 00 00 00 00 00 
[ 6107.365450]   00 00 00 00 00 00 00 00 
[ 6107.369234]   00 00 00 00 00 00 00 00 
[ 6107.373020]   00 00 00 00 00 00 00 00 
[ 6107.376804]   00 00 00 00 00 00 00 00 
[ 6107.380590]   00 00 00 00 00 00 00 00 
[ 6107.384377]   00 00 00 00 00 00 00 00 
[ 6107.388163]   00 00 00 00 00 00 00 00 
[ 6107.391948]   00 00 00 00 00 00 00 00 
[ 6107.395733]   00 00 00 00 00 00 00 00 
[ 6107.399518]   00 00 00 00 00 00 00 00 
[ 6107.403302]   00 00 00 00 00 00 00 00 
[ 6107.407087]   00 00 00 00 00 00 00 00 
[ 6107.410872]   00 00 00 00 00 00 00 00 
[ 6107.414656]   00 00 00 00 00 00 00 00 
[ 6107.418439]   00 00 00 00 00 00 00 00 
[ 6107.422225]   00 00 00 00 00 00 00 00 
[ 6107.426010]   00 00 00 00 00 00 00 00 



[ 9562.948871] # Sector 0x2000 + 0x8000 (len=512 bytes):
[ 9562.953971]   E5 20 00 49 00 6E 00 66 
[ 9562.957739]   00 6F 00 0F 00 72 72 00 
[ 9562.961526]   6D 00 61 00 74 00 69 00 
[ 9562.965311]   6F 00 00 00 6E 00 00 00 
[ 9562.969096]   E5 53 00 79 00 73 00 74 
[ 9562.972890]   00 65 00 0F 00 72 6D 00 
[ 9562.976679]   20 00 56 00 6F 00 6C 00 
[ 9562.980465]   75 00 00 00 6D 00 65 00 
[ 9562.984251]   E5 59 53 54 45 4D 7E 31 
[ 9562.988036]   20 20 20 16 00 BB 92 9B 
[ 9562.991821]   5B 5B 5B 5B 00 00 93 9B 
[ 9562.995607]   5B 5B 03 00 00 00 00 00 
[ 9562.999392]   E5 4E 00 65 00 77 00 20 
[ 9563.003178]   00 66 00 0F 00 DD 6F 00 
[ 9563.006964]   6C 00 64 00 65 00 72 00 
[ 9563.010765]   00 00 00 00 FF FF FF FF 
[ 9563.014552]   E5 45 57 46 4F 4C 7E 31 
[ 9563.018338]   20 20 20 10 00 89 96 9B 
[ 9563.022125]   5B 5B 5B 5B 00 00 97 9B 
[ 9563.025911]   5B 5B 06 00 00 00 00 00 
[ 9563.029680]   E5 45 4C 4C 4F 20 20 20 
[ 9563.033463]   54 58 54 10 18 89 96 9B 
[ 9563.037249]   5B 5B 5B 5B 00 00 97 9B 
[ 9563.041033]   5B 5B 06 00 00 10 00 00 
[ 9563.044819]   E5 6D 00 65 00 6E 00 74 
[ 9563.048604]   00 2E 00 0F 00 9F 74 00 
[ 9563.052389]   78 00 74 00 00 00 FF FF 
[ 9563.056175]   FF FF 00 00 FF FF FF FF 
[ 9563.059962]   E5 4E 00 65 00 77 00 20 
[ 9563.063753]   00 54 00 0F 00 9F 65 00 
[ 9563.067540]   78 00 74 00 20 00 44 00 
[ 9563.071325]   6F 00 00 00 63 00 75 00 
[ 9563.075119]   E5 45 57 54 45 58 7E 31 
[ 9563.078905]   54 58 54 20 00 4F A0 9B 
[ 9563.082690]   5B 5B 5B 5B 00 00 A1 9B 
[ 9563.086474]   5B 5B 00 00 00 00 00 00 
[ 9563.090258]   48 45 4C 4C 4F 20 20 20 
[ 9563.094044]   54 58 54 20 18 4F A0 9B 
[ 9563.097813]   5B 5B 5B 5B 00 00 A7 9B 
[ 9563.101596]   5B 5B 06 00 0C 00 00 00 
[ 9563.105381]   00 00 00 00 00 00 00 00 
[ 9563.109194]   00 00 00 00 00 00 00 00 
[ 9563.112983]   00 00 00 00 00 00 00 00 
[ 9563.116769]   00 00 00 00 00 00 00 00 
[ 9563.120555]   00 00 00 00 00 00 00 00 
[ 9563.124339]   00 00 00 00 00 00 00 00 
[ 9563.128124]   00 00 00 00 00 00 00 00 
[ 9563.131908]   00 00 00 00 00 00 00 00 
[ 9563.135694]   00 00 00 00 00 00 00 00 
[ 9563.139478]   00 00 00 00 00 00 00 00 
[ 9563.143262]   00 00 00 00 00 00 00 00 
[ 9563.147047]   00 00 00 00 00 00 00 00 
[ 9563.150833]   00 00 00 00 00 00 00 00 
[ 9563.154618]   00 00 00 00 00 00 00 00 
[ 9563.158401]   00 00 00 00 00 00 00 00 
[ 9563.162186]   00 00 00 00 00 00 00 00 
[ 9563.165971]   00 00 00 00 00 00 00 00 
[ 9563.169739]   00 00 00 00 00 00 00 00 
[ 9563.173525]   00 00 00 00 00 00 00 00 
[ 9563.177311]   00 00 00 00 00 00 00 00 
[ 9563.181106]   00 00 00 00 00 00 00 00 
[ 9563.184893]   00 00 00 00 00 00 00 00 
[ 9563.188679]   00 00 00 00 00 00 00 00 
[ 9563.192463]   00 00 00 00 00 00 00 00 
