[ 1155.090526] # ----------------------------------- #
[ 1155.098389] usb1_class usb1: ACKed!!
[ 1155.102329] # Sector 0 (len=512 bytes):
[ 1155.106218]   00 00 00 00 00 00 00 00 
[ 1155.110006]   00 00 00 00 00 00 00 00 
[ 1155.113775]   00 00 00 00 00 00 00 00 
[ 1155.117559]   00 00 00 00 00 00 00 00 
[ 1155.121345]   00 00 00 00 00 00 00 00 
[ 1155.125130]   00 00 00 00 00 00 00 00 
[ 1155.128915]   00 00 00 00 00 00 00 00 
[ 1155.132711]   00 00 00 00 00 00 00 00 
[ 1155.136500]   00 00 00 00 00 00 00 00 
[ 1155.140286]   00 00 00 00 00 00 00 00 
[ 1155.144073]   00 00 00 00 00 00 00 00 
[ 1155.147858]   00 00 00 00 00 00 00 00 
[ 1155.151642]   00 00 00 00 00 00 00 00 
[ 1155.155427]   00 00 00 00 00 00 00 00 
[ 1155.159211]   00 00 00 00 00 00 00 00 
[ 1155.162996]   00 00 00 00 00 00 00 00 
[ 1155.166781]   00 00 00 00 00 00 00 00 
[ 1155.170567]   00 00 00 00 00 00 00 00 
[ 1155.174353]   00 00 00 00 00 00 00 00 
[ 1155.178138]   00 00 00 00 00 00 00 00 
[ 1155.181924]   00 00 00 00 00 00 00 00 
[ 1155.185692]   00 00 00 00 00 00 00 00 
[ 1155.189476]   00 00 00 00 00 00 00 00 
[ 1155.193262]   00 00 00 00 00 00 00 00 
[ 1155.197047]   00 00 00 00 00 00 00 00 
[ 1155.200833]   00 00 00 00 00 00 00 00 
[ 1155.204617]   00 00 00 00 00 00 00 00 
[ 1155.208403]   00 00 00 00 00 00 00 00 
[ 1155.212188]   00 00 00 00 00 00 00 00 
[ 1155.215972]   00 00 00 00 00 00 00 00 
[ 1155.219757]   00 00 00 00 00 00 00 00 
[ 1155.223542]   00 00 00 00 00 00 00 00 
[ 1155.227327]   00 00 00 00 00 00 00 00 
[ 1155.231110]   00 00 00 00 00 00 00 00 
[ 1155.234899]   00 00 00 00 00 00 00 00 
[ 1155.238685]   00 00 00 00 00 00 00 00 
[ 1155.242471]   00 00 00 00 00 00 00 00 
[ 1155.246257]   00 00 00 00 00 00 00 00 
[ 1155.250041]   00 00 00 00 00 00 00 00 
[ 1155.253809]   00 00 00 00 00 00 00 00 
[ 1155.257592]   00 00 00 00 00 00 00 00 
[ 1155.261377]   00 00 00 00 00 00 00 00 
[ 1155.265163]   00 00 00 00 00 00 00 00 
[ 1155.268948]   00 00 00 00 00 00 00 00 
[ 1155.272734]   00 00 00 00 00 00 00 00 
[ 1155.276519]   00 00 00 00 00 00 00 00 
[ 1155.280304]   00 00 00 00 00 00 00 00 
[ 1155.284088]   00 00 00 00 00 00 00 00 
[ 1155.287873]   00 00 00 00 00 00 00 00 
[ 1155.291657]   00 00 00 00 00 00 00 00 
[ 1155.295442]   00 00 00 00 00 00 00 00 
[ 1155.299238]   00 00 00 00 00 00 00 00 
[ 1155.303027]   00 00 00 00 00 00 00 00 
[ 1155.306812]   00 00 00 00 00 00 00 00 
[ 1155.310597]   00 00 00 00 00 00 00 00 
[ 1155.314384]   A2 C9 39 C3 00 00 80 82 
[ 1155.318170]   03 00 0C FE FF C7 00 20 
[ 1155.321955]   00 00 00 60 ED 00 00 00 
[ 1155.325724]   00 00 00 00 00 00 00 00 
[ 1155.329509]   00 00 00 00 00 00 00 00 
[ 1155.333294]   00 00 00 00 00 00 00 00 
[ 1155.337079]   00 00 00 00 00 00 00 00 
[ 1155.340868]   00 00 00 00 00 00 00 00 
[ 1155.344655]   00 00 00 00 00 00 55 AA 
[ 1155.348438] # Partition type (little endian, len=1): 
[ 1155.348449]  => 0x0C
[ 1155.355743] # Starting LBA (little endian, len=4): 
[ 1155.355754]  => 0x00002000
[ 1155.363394] # Num of sectors in partition (little endian, len=4): 
[ 1155.363406]  => 0x00ED6000
[ 1155.372379] usb1_class usb1: ACKed!!
[ 1155.376229] # Sector 0x2000 (8192) (len=512 bytes):
[ 1155.381155]   EB 58 90 4D 53 44 4F 53 
[ 1155.384942]   35 2E 30 00 02 08 8E 09 
[ 1155.388728]   02 00 00 00 00 F8 00 00 
[ 1155.392514]   3F 00 FF 00 00 20 00 00 
[ 1155.396313]   00 60 ED 00 39 3B 00 00 
[ 1155.400099]   00 00 00 00 02 00 00 00 
[ 1155.403885]   01 00 06 00 00 00 00 00 
[ 1155.407670]   00 00 00 00 00 00 00 00 
[ 1155.411456]   80 01 29 CD 2C 33 9C 4E 
[ 1155.415239]   4F 20 4E 41 4D 45 20 20 
[ 1155.419025]   20 20 46 41 54 33 32 20 
[ 1155.422810]   20 20 33 C9 8E D1 BC F4 
[ 1155.426596]   7B 8E C1 8E D9 BD 00 7C 
[ 1155.430380]   88 56 40 88 4E 02 8A 56 
[ 1155.434165]   40 B4 41 BB AA 55 CD 13 
[ 1155.437952]   72 10 81 FB 55 AA 75 0A 
[ 1155.441719]   F6 C1 01 74 05 FE 46 02 
[ 1155.445509]   EB 2D 8A 56 40 B4 08 CD 
[ 1155.449296]   13 73 05 B9 FF FF 8A F1 
[ 1155.453081]   66 0F B6 C6 40 66 0F B6 
[ 1155.456866]   D1 80 E2 3F F7 E2 86 CD 
[ 1155.460652]   C0 ED 06 41 66 0F B7 C9 
[ 1155.464437]   66 F7 E1 66 89 46 F8 83 
[ 1155.468222]   7E 16 00 75 39 83 7E 2A 
[ 1155.472013]   00 77 33 66 8B 46 1C 66 
[ 1155.475799]   83 C0 0C BB 00 80 B9 01 
[ 1155.479585]   00 E8 2C 00 E9 A8 03 A1 
[ 1155.483370]   F8 7D 80 C4 7C 8B F0 AC 
[ 1155.487154]   84 C0 74 17 3C FF 74 09 
[ 1155.490940]   B4 0E BB 07 00 CD 10 EB 
[ 1155.494725]   EE A1 FA 7D EB E4 A1 7D 
[ 1155.498510]   80 EB DF 98 CD 16 CD 19 
[ 1155.502295]   66 60 80 7E 02 00 0F 84 
[ 1155.506080]   20 00 66 6A 00 66 50 06 
[ 1155.509849]   53 66 68 10 00 01 00 B4 
[ 1155.513634]   42 8A 56 40 8B F4 CD 13 
[ 1155.517420]   66 58 66 58 66 58 66 58 
[ 1155.521206]   EB 33 66 3B 46 F8 72 03 
[ 1155.524991]   F9 EB 2A 66 33 D2 66 0F 
[ 1155.528775]   B7 4E 18 66 F7 F1 FE C2 
[ 1155.532560]   8A CA 66 8B D0 66 C1 EA 
[ 1155.536346]   10 F7 76 1A 86 D6 8A 56 
[ 1155.540131]   40 8A E8 C0 E4 06 0A CC 
[ 1155.543916]   B8 01 02 CD 13 66 61 0F 
[ 1155.547705]   82 74 FF 81 C3 00 02 66 
[ 1155.551492]   40 49 75 94 C3 42 4F 4F 
[ 1155.555284]   54 4D 47 52 20 20 20 20 
[ 1155.559071]   00 00 00 00 00 00 00 00 
[ 1155.562857]   00 00 00 00 00 00 00 00 
[ 1155.566642]   00 00 00 00 00 00 00 00 
[ 1155.570427]   00 00 00 00 00 00 00 00 
[ 1155.574213]   00 00 00 00 00 00 00 00 
[ 1155.577997]   00 00 00 00 00 00 00 00 
[ 1155.581766]   00 00 00 00 0D 0A 44 69 
[ 1155.585551]   73 6B 20 65 72 72 6F 72 
[ 1155.589336]   FF 0D 0A 50 72 65 73 73 
[ 1155.593122]   20 61 6E 79 20 6B 65 79 
[ 1155.596907]   20 74 6F 20 72 65 73 74 
[ 1155.600692]   61 72 74 0D 0A 00 00 00 
[ 1155.604478]   00 00 00 00 00 00 00 00 
[ 1155.608263]   00 00 00 00 00 00 00 00 
[ 1155.612048]   00 00 00 00 00 00 00 00 
[ 1155.615833]   00 00 00 00 00 00 00 00 
[ 1155.619636]   AC 01 B9 01 00 00 55 AA 
[ 1155.623421] # Standard block size (little endian, len=2): 
[ 1155.623433]  => 0x0200
[ 1155.631336] # Sector offset (little endian, len=4): 
[ 1155.631347]  => 0x00002000
[ 1155.639072] # Sectors per FAT table (little endian, len=4): 
[ 1155.639083]  => 0x00003B39
[ 1155.647507] # Root Cluster (little endian, len=4): 
[ 1155.647517]  => 0x00000002
[ 1155.655162] # FS type: 'FAT32  '

