[ 3005.809700] # Sector 0 (len=512 bytes):
[ 3005.813576]   00 00 00 00 00 00 00 00 
[ 3005.817361]   00 00 00 00 00 00 00 00 
[ 3005.821146]   00 00 00 00 00 00 00 00 
[ 3005.824930]   00 00 00 00 00 00 00 00 
[ 3005.828715]   00 00 00 00 00 00 00 00 
[ 3005.832498]   00 00 00 00 00 00 00 00 
[ 3005.836282]   00 00 00 00 00 00 00 00 
[ 3005.840065]   00 00 00 00 00 00 00 00 
[ 3005.843850]   00 00 00 00 00 00 00 00 
[ 3005.847632]   00 00 00 00 00 00 00 00 
[ 3005.851416]   00 00 00 00 00 00 00 00 
[ 3005.855199]   00 00 00 00 00 00 00 00 
[ 3005.858996]   00 00 00 00 00 00 00 00 
[ 3005.862783]   00 00 00 00 00 00 00 00 
[ 3005.866569]   00 00 00 00 00 00 00 00 
[ 3005.870353]   00 00 00 00 00 00 00 00 
[ 3005.874140]   00 00 00 00 00 00 00 00 
[ 3005.877928]   00 00 00 00 00 00 00 00 
[ 3005.881696]   00 00 00 00 00 00 00 00 
[ 3005.885479]   00 00 00 00 00 00 00 00 
[ 3005.889264]   00 00 00 00 00 00 00 00 
[ 3005.893047]   00 00 00 00 00 00 00 00 
[ 3005.896832]   00 00 00 00 00 00 00 00 
[ 3005.900617]   A2 C9 39 C3 00 00 80 84 
[ 3005.904401]   09 00 83 7D CA FC 00 20 
[ 3005.908190]   00 00 00 60 ED 00 00 00 
[ 3005.911975]   00 00 00 00 00 00 00 00 
[ 3005.915760]   00 00 00 00 00 00 00 00 
[ 3005.919543]   00 00 00 00 00 00 00 00 
[ 3005.923328]   00 00 00 00 00 00 00 00 
[ 3005.927113]   00 00 00 00 00 00 00 00 
[ 3005.930899]   00 00 00 00 00 00 55 AA 
[ 3005.934690]   00 00 00 00 00 00 00 00 
[ 3005.938474]   00 00 00 00 00 00 00 00 
[ 3005.942259]   00 00 00 00 00 00 00 00 
[ 3005.946043]   00 00 00 00 00 00 00 00 
[ 3005.949827]   00 00 00 00 00 00 00 00 
[ 3005.953594]   00 00 00 00 00 00 00 00 
[ 3005.957378]   00 00 00 00 00 00 00 00 
[ 3005.961162]   00 00 00 00 00 00 00 00 
[ 3005.964947]   00 00 00 00 00 00 00 00 
[ 3005.968731]   00 00 00 00 00 00 00 00 
[ 3005.972515]   00 00 00 00 00 00 00 00 
[ 3005.976300]   00 00 00 00 00 00 00 00 
[ 3005.980084]   00 00 00 00 00 00 00 00 
[ 3005.983869]   00 00 00 00 00 00 00 00 
[ 3005.987652]   00 00 00 00 00 00 00 00 
[ 3005.991436]   00 00 00 00 00 00 00 00 
[ 3005.995221]   00 00 00 00 00 00 00 00 
[ 3005.999005]   00 00 00 00 00 00 00 00 
[ 3006.002790]   00 00 00 00 00 00 00 00 
[ 3006.006574]   00 00 00 00 00 00 00 00 
[ 3006.010361]   00 00 00 00 00 00 00 00 
[ 3006.014146]   00 00 00 00 00 00 00 00 
[ 3006.017937]   00 00 00 00 00 00 00 00 
[ 3006.021705]   00 00 00 00 00 00 00 00 
[ 3006.025490]   00 00 00 00 00 00 00 00 
[ 3006.029275]   00 00 00 00 00 00 00 00 
[ 3006.033059]   00 00 00 00 00 00 00 00 
[ 3006.036843]   00 00 00 00 00 00 00 00 
[ 3006.040627]   00 00 00 00 00 00 00 00 
[ 3006.044411]   00 00 00 00 00 00 00 00 
[ 3006.048196]   00 00 00 00 00 00 00 00 
[ 3006.051981]   00 00 00 00 00 00 00 00

Sector 0 (2nd)
[ 8772.773778]   EB 58 90 4D 53 44 4F 53 
[ 8772.777546]   35 2E 30 00 02 08 7E 09 
[ 8772.781334]   02 00 00 00 00 F8 00 00 
[ 8772.785119]   3F 00 FF 00 00 00 00 00 
[ 8772.788921]   00 80 ED 00 41 3B 00 00 
[ 8772.792709]   00 00 00 00 02 00 00 00 
[ 8772.796494]   01 00 06 00 00 00 00 00 
[ 8772.800279]   00 00 00 00 00 00 00 00 
[ 8772.804063]   80 01 29 57 0B 57 F0 4E 
[ 8772.807847]   4F 20 4E 41 4D 45 20 20 
[ 8772.811631]   20 20 46 41 54 33 32 20 
[ 8772.815415]   20 20 33 C9 8E D1 BC F4 
[ 8772.819198]   7B 8E C1 8E D9 BD 00 7C 
[ 8772.822982]   88 56 40 88 4E 02 8A 56 
[ 8772.826766]   40 B4 41 BB AA 55 CD 13 
[ 8772.830550]   72 10 81 FB 55 AA 75 0A 
[ 8772.834334]   F6 C1 01 74 05 FE 46 02 
[ 8772.838128]   EB 2D 8A 56 40 B4 08 CD 
[ 8772.841917]   13 73 05 B9 FF FF 8A F1 
[ 8772.845684]   66 0F B6 C6 40 66 0F B6 
[ 8772.849468]   D1 80 E2 3F F7 E2 86 CD 
[ 8772.853252]   C0 ED 06 41 66 0F B7 C9 
[ 8772.857036]   66 F7 E1 66 89 46 F8 83 
[ 8772.860820]   7E 16 00 75 39 83 7E 2A 
[ 8772.864603]   00 77 33 66 8B 46 1C 66 
[ 8772.868387]   83 C0 0C BB 00 80 B9 01 
[ 8772.872172]   00 E8 2C 00 E9 A8 03 A1 
[ 8772.875960]   F8 7D 80 C4 7C 8B F0 AC 
[ 8772.879743]   84 C0 74 17 3C FF 74 09 
[ 8772.883527]   B4 0E BB 07 00 CD 10 EB 
[ 8772.887312]   EE A1 FA 7D EB E4 A1 7D 
[ 8772.891100]   80 EB DF 98 CD 16 CD 19 
[ 8772.894885]   66 60 80 7E 02 00 0F 84 
[ 8772.898670]   20 00 66 6A 00 66 50 06 
[ 8772.902454]   53 66 68 10 00 01 00 B4 
[ 8772.906236]   42 8A 56 40 8B F4 CD 13 
[ 8772.910020]   66 58 66 58 66 58 66 58 
[ 8772.913809]   EB 33 66 3B 46 F8 72 03 
[ 8772.917576]   F9 EB 2A 66 33 D2 66 0F 
[ 8772.921361]   B7 4E 18 66 F7 F1 FE C2 
[ 8772.925146]   8A CA 66 8B D0 66 C1 EA 
[ 8772.928930]   10 F7 76 1A 86 D6 8A 56 
[ 8772.932723]   40 8A E8 C0 E4 06 0A CC 
[ 8772.936511]   B8 01 02 CD 13 66 61 0F 
[ 8772.940295]   82 74 FF 81 C3 00 02 66 
[ 8772.944079]   40 49 75 94 C3 42 4F 4F 
[ 8772.947864]   54 4D 47 52 20 20 20 20 
[ 8772.951648]   00 00 00 00 00 00 00 00 
[ 8772.955432]   00 00 00 00 00 00 00 00 
[ 8772.959214]   00 00 00 00 00 00 00 00 
[ 8772.962998]   00 00 00 00 00 00 00 00 
[ 8772.966781]   00 00 00 00 00 00 00 00 
[ 8772.970565]   00 00 00 00 00 00 00 00 
[ 8772.974348]   00 00 00 00 0D 0A 44 69 
[ 8772.978130]   73 6B 20 65 72 72 6F 72 
[ 8772.981915]   FF 0D 0A 50 72 65 73 73 
[ 8772.985682]   20 61 6E 79 20 6B 65 79 
[ 8772.989465]   20 74 6F 20 72 65 73 74 
[ 8772.993249]   61 72 74 0D 0A 00 00 00 
[ 8772.997036]   00 00 00 00 00 00 00 00 
[ 8773.000820]   00 00 00 00 00 00 00 00 
[ 8773.004605]   00 00 00 00 00 00 00 00 
[ 8773.008390]   00 00 00 00 00 00 00 00 
[ 8773.012174]   AC 01 B9 01 00 00 55 AA 

